-16.54 64.95783405969496 27 0.0
-16.54 64.95783405969496 27 0.1
-16.54 64.95783405969496 27 0.2
-16.54 64.94886479891261 28 0.0
-16.54 64.94886479891261 28 0.1
-16.54 64.94886479891261 28 0.2
-16.54 64.94886479891261 28 0.30000000000000004
-16.54 64.94886479891261 28 0.4
-16.54 64.94886479891261 28 0.5
-16.54 64.94886479891261 28 0.6000000000000001
-16.54 64.94886479891261 28 0.7000000000000001
-16.54 64.94886479891261 28 0.8
-16.54 64.94886479891261 28 0.9
-16.54 64.94886479891261 28 1.0
-16.54 64.94886479891261 28 1.1
-16.54 64.94886479891261 28 1.2000000000000002
-16.54 64.94886479891261 28 1.3
-16.54 64.94886479891261 28 1.4000000000000001
-16.54 64.94886479891261 28 1.5
-16.54 64.94886479891261 28 1.6
-16.54 64.94886479891261 28 1.7000000000000002
-16.54 64.94886479891261 28 1.8
-16.54 64.94886479891261 28 1.9000000000000001
-16.54 64.94886479891261 28 2.0
-16.54 64.93989552725375 29 0.0
-16.54 64.93989552725375 29 0.1
-16.54 64.93989552725375 29 0.2
-16.54 64.93989552725375 29 0.30000000000000004
-16.54 64.93989552725375 29 0.4
-16.54 64.93989552725375 29 0.5
-16.54 64.93989552725375 29 0.6000000000000001
-16.54 64.93989552725375 29 0.7000000000000001
-16.54 64.93989552725375 29 0.8
-16.54 64.93989552725375 29 0.9
-16.54 64.93989552725375 29 1.0
-16.54 64.93989552725375 29 1.1
-16.54 64.93989552725375 29 1.2000000000000002
-16.54 64.93989552725375 29 1.3
-16.54 64.93989552725375 29 1.4000000000000001
-16.54 64.93989552725375 29 1.5
-16.54 64.93989552725375 29 1.6
-16.54 64.93989552725375 29 1.7000000000000002
-16.54 64.93989552725375 29 1.8
-16.54 64.93989552725375 29 1.9000000000000001
-16.54 64.93989552725375 29 2.0
-16.54 64.93989552725375 29 2.1
-16.54 64.93989552725375 29 2.2
-16.54 64.93989552725375 29 2.3000000000000003
-16.54 64.93989552725375 29 2.4000000000000004
-16.54 64.93092624471555 30 0.0
-16.54 64.93092624471555 30 0.1
-16.54 64.93092624471555 30 0.2
-16.54 64.93092624471555 30 0.30000000000000004
-16.54 64.93092624471555 30 0.4
-16.54 64.93092624471555 30 0.5
-16.54 64.93092624471555 30 0.6000000000000001
-16.54 64.93092624471555 30 0.7000000000000001
-16.54 64.93092624471555 30 0.8
-16.54 64.93092624471555 30 0.9
-16.54 64.93092624471555 30 1.0
-16.54 64.93092624471555 30 1.1
-16.54 64.93092624471555 30 1.2000000000000002
-16.54 64.93092624471555 30 1.3
-16.54 64.93092624471555 30 1.4000000000000001
-16.54 64.93092624471555 30 1.5
-16.54 64.93092624471555 30 1.6
-16.54 64.93092624471555 30 1.7000000000000002
-16.54 64.93092624471555 30 1.8
-16.54 64.93092624471555 30 1.9000000000000001
-16.54 64.93092624471555 30 2.0
-16.54 64.93092624471555 30 2.1
-16.54 64.93092624471555 30 2.2
-16.54 64.93092624471555 30 2.3000000000000003
-16.54 64.93092624471555 30 2.4000000000000004
-16.54 64.93092624471555 30 2.5
-16.54 64.92195695129513 31 0.0
-16.54 64.92195695129513 31 0.1
-16.54 64.92195695129513 31 0.2
-16.54 64.92195695129513 31 0.30000000000000004
-16.54 64.92195695129513 31 0.4
-16.54 64.92195695129513 31 0.5
-16.54 64.92195695129513 31 0.6000000000000001
-16.54 64.92195695129513 31 0.7000000000000001
-16.54 64.92195695129513 31 0.8
-16.54 64.92195695129513 31 0.9
-16.54 64.92195695129513 31 1.0
-16.54 64.92195695129513 31 1.1
-16.54 64.92195695129513 31 1.2000000000000002
-16.54 64.92195695129513 31 1.3
-16.54 64.92195695129513 31 1.4000000000000001
-16.54 64.92195695129513 31 1.5
-16.54 64.92195695129513 31 1.6
-16.54 64.92195695129513 31 1.7000000000000002
-16.54 64.92195695129513 31 1.8
-16.54 64.92195695129513 31 1.9000000000000001
-16.54 64.92195695129513 31 2.0
-16.54 64.92195695129513 31 2.1
-16.54 64.92195695129513 31 2.2
-16.54 64.92195695129513 31 2.3000000000000003
-16.54 64.92195695129513 31 2.4000000000000004
-16.54 64.92195695129513 31 2.5
-16.54 64.92195695129513 31 2.6
-16.54 64.92195695129513 31 2.7
-16.54 64.92195695129513 31 2.8000000000000003
-16.54 64.92195695129513 31 2.9000000000000004
-16.54 64.91298764698962 32 0.0
-16.54 64.91298764698962 32 0.1
-16.54 64.91298764698962 32 0.2
-16.54 64.91298764698962 32 0.30000000000000004
-16.54 64.91298764698962 32 0.4
-16.54 64.91298764698962 32 0.5
-16.54 64.91298764698962 32 0.6000000000000001
-16.54 64.91298764698962 32 0.7000000000000001
-16.54 64.91298764698962 32 0.8
-16.54 64.91298764698962 32 0.9
-16.54 64.91298764698962 32 1.0
-16.54 64.91298764698962 32 1.1
-16.54 64.91298764698962 32 1.2000000000000002
-16.54 64.91298764698962 32 1.3
-16.54 64.91298764698962 32 1.4000000000000001
-16.54 64.91298764698962 32 1.5
-16.54 64.91298764698962 32 1.6
-16.54 64.91298764698962 32 1.7000000000000002
-16.54 64.91298764698962 32 1.8
-16.54 64.91298764698962 32 1.9000000000000001
-16.54 64.91298764698962 32 2.0
-16.54 64.91298764698962 32 2.1
-16.54 64.91298764698962 32 2.2
-16.54 64.91298764698962 32 2.3000000000000003
-16.54 64.91298764698962 32 2.4000000000000004
-16.54 64.91298764698962 32 2.5
-16.54 64.91298764698962 32 2.6
-16.54 64.91298764698962 32 2.7
-16.54 64.91298764698962 32 2.8000000000000003
-16.54 64.91298764698962 32 2.9000000000000004
-16.54 64.91298764698962 32 3.0
-16.54 64.91298764698962 32 3.1
-16.54 64.91298764698962 32 3.2
-16.54 64.91298764698962 32 3.3000000000000003
-16.54 64.90401833179618 33 0.0
-16.54 64.90401833179618 33 0.1
-16.54 64.90401833179618 33 0.2
-16.54 64.90401833179618 33 0.30000000000000004
-16.54 64.90401833179618 33 0.4
-16.54 64.90401833179618 33 0.5
-16.54 64.90401833179618 33 0.6000000000000001
-16.54 64.90401833179618 33 0.7000000000000001
-16.54 64.90401833179618 33 0.8
-16.54 64.90401833179618 33 0.9
-16.54 64.90401833179618 33 1.0
-16.54 64.90401833179618 33 1.1
-16.54 64.90401833179618 33 1.2000000000000002
-16.54 64.90401833179618 33 1.3
-16.54 64.90401833179618 33 1.4000000000000001
-16.54 64.90401833179618 33 1.5
-16.54 64.90401833179618 33 1.6
-16.54 64.90401833179618 33 1.7000000000000002
-16.54 64.90401833179618 33 1.8
-16.54 64.90401833179618 33 1.9000000000000001
-16.54 64.90401833179618 33 2.0
-16.54 64.90401833179618 33 2.1
-16.54 64.90401833179618 33 2.2
-16.54 64.90401833179618 33 2.3000000000000003
-16.54 64.90401833179618 33 2.4000000000000004
-16.54 64.90401833179618 33 2.5
-16.54 64.90401833179618 33 2.6
-16.54 64.89504900571195 34 0.0
-16.54 64.89504900571195 34 0.1
-16.54 64.89504900571195 34 0.2
-16.54 64.89504900571195 34 0.30000000000000004
-16.54 64.89504900571195 34 0.4
-16.54 64.89504900571195 34 0.5
-16.54 64.89504900571195 34 0.6000000000000001
-16.54 64.89504900571195 34 0.7000000000000001
-16.54 64.89504900571195 34 0.8
-16.54 64.89504900571195 34 0.9
-16.54 64.89504900571195 34 1.0
-16.54 64.89504900571195 34 1.1
-16.54 64.89504900571195 34 1.2000000000000002
-16.54 64.89504900571195 34 1.3
-16.54 64.89504900571195 34 1.4000000000000001
-16.54 64.89504900571195 34 1.5
-16.54 64.89504900571195 34 1.6
-16.54 64.89504900571195 34 1.7000000000000002
-16.54 64.89504900571195 34 1.8
-16.54 64.89504900571195 34 1.9000000000000001
-16.54 64.89504900571195 34 2.0
-16.54 64.88607966873406 35 0.0
-16.54 64.88607966873406 35 0.1
-16.54 64.88607966873406 35 0.2
-16.54 64.88607966873406 35 0.30000000000000004
-16.54 64.88607966873406 35 0.4
-16.54 64.88607966873406 35 0.5
-16.54 64.88607966873406 35 0.6000000000000001
-16.54 64.88607966873406 35 0.7000000000000001
-16.54 64.88607966873406 35 0.8
-16.54 64.88607966873406 35 0.9
-16.54 64.88607966873406 35 1.0
-16.54 64.88607966873406 35 1.1
-16.54 64.88607966873406 35 1.2000000000000002
-16.54 64.88607966873406 35 1.3
-16.54 64.88607966873406 35 1.4000000000000001
-16.54 64.87711032085966 36 0.0
-16.54 64.87711032085966 36 0.1
-16.54 64.87711032085966 36 0.2
-16.54 64.87711032085966 36 0.30000000000000004
-16.54 64.87711032085966 36 0.4
-16.54 64.87711032085966 36 0.5
-16.54 64.87711032085966 36 0.6000000000000001
-16.54 64.87711032085966 36 0.7000000000000001
-16.54 64.87711032085966 36 0.8
-16.54 64.87711032085966 36 0.9
-16.54 64.87711032085966 36 1.0
-16.54 64.86814096208587 37 0.0
-16.54 64.86814096208587 37 0.1
-16.54 64.86814096208587 37 0.2
-16.54 64.86814096208587 37 0.30000000000000004
-16.54 64.86814096208587 37 0.4
-16.54 64.86814096208587 37 0.5
-16.54 64.86814096208587 37 0.6000000000000001
-16.54 64.85917159240987 38 0.0
-16.54 64.85917159240987 38 0.1
-16.54 64.85917159240987 38 0.2
-16.54 64.85020221182876 39 0.0
-16.54 64.85020221182876 39 0.1
-16.54 64.85020221182876 39 0.2
-16.54 64.84123282033974 40 0.0
-16.54 64.84123282033974 40 0.1
-16.54 64.84123282033974 40 0.2
-16.54 64.84123282033974 40 0.30000000000000004
-16.54 64.84123282033974 40 0.4
-16.54 64.83226341793991 41 0.0
-16.54 64.83226341793991 41 0.1
-16.54 64.83226341793991 41 0.2
-16.54 64.83226341793991 41 0.30000000000000004
-16.54 64.83226341793991 41 0.4
-16.54 64.83226341793991 41 0.5
-16.54 64.83226341793991 41 0.6000000000000001
-16.54 64.83226341793991 41 0.7000000000000001
-16.54 64.83226341793991 41 0.8
-16.54 64.82329400462646 42 0.0
-16.54 64.82329400462646 42 0.1
-16.54 64.82329400462646 42 0.2
-16.54 64.82329400462646 42 0.30000000000000004
-16.54 64.82329400462646 42 0.4
-16.54 64.82329400462646 42 0.5
-16.54 64.82329400462646 42 0.6000000000000001
-16.54 64.82329400462646 42 0.7000000000000001
-16.54 64.82329400462646 42 0.8
-16.54 64.82329400462646 42 0.9
-16.54 64.82329400462646 42 1.0
-16.54 64.82329400462646 42 1.1
-16.54 64.82329400462646 42 1.2000000000000002
-16.54 64.82329400462646 42 1.3
-16.54 64.81432458039652 43 0.0
-16.54 64.81432458039652 43 0.1
-16.54 64.81432458039652 43 0.2
-16.54 64.81432458039652 43 0.30000000000000004
-16.54 64.81432458039652 43 0.4
-16.54 64.81432458039652 43 0.5
-16.54 64.81432458039652 43 0.6000000000000001
-16.54 64.81432458039652 43 0.7000000000000001
-16.54 64.81432458039652 43 0.8
-16.54 64.81432458039652 43 0.9
-16.54 64.81432458039652 43 1.0
-16.54 64.81432458039652 43 1.1
-16.54 64.81432458039652 43 1.2000000000000002
-16.54 64.81432458039652 43 1.3
-16.54 64.81432458039652 43 1.4000000000000001
-16.54 64.81432458039652 43 1.5
-16.54 64.81432458039652 43 1.6
-16.54 64.81432458039652 43 1.7000000000000002
-16.54 64.81432458039652 43 1.8
-16.54 64.81432458039652 43 1.9000000000000001
-16.54 64.81432458039652 43 2.0
-16.54 64.8 44 0.0
-16.54 64.8 44 0.1
-16.54 64.8 44 0.2
-16.54 64.8 44 0.30000000000000004
-16.54 64.8 44 0.4
-16.54 64.8 44 0.5
-16.54 64.8 44 0.6000000000000001
-16.54 64.8 44 0.7000000000000001
-16.54 64.8 44 0.8
-16.54 64.8 44 0.9
-16.54 64.8 44 1.0
-16.54 64.8 44 1.1
-16.54 64.8 44 1.2000000000000002
-16.54 64.8 44 1.3
-16.54 64.8 44 1.4000000000000001
-16.54 64.8 44 1.5
-16.54 64.8 44 1.6
-16.54 64.8 44 1.7000000000000002
-16.54 64.8 44 1.8
-16.54 64.8 44 1.9000000000000001
-16.54 64.8 44 2.0
-16.54 64.8 44 2.1
-16.54 64.8 44 2.2
-16.54 64.8 44 2.3000000000000003
-16.54 64.8 44 2.4000000000000004
-16.54 64.8 44 2.5
-16.54 64.8 44 2.6
-16.54 64.8 44 2.7
-16.54 64.8 44 2.8000000000000003
-16.54 64.8 44 2.9000000000000004
-16.54 64.8 44 3.0
-16.54 64.8 44 3.1
-16.54 64.8 44 3.2
-16.54 64.8 44 3.3000000000000003
-16.54 64.8 44 3.4000000000000004
-16.54 64.8 44 3.5
