-17.11890171738847 64.87506937101595 1 4.7 -0.11014676734451141
-17.013408801159756 64.87537137190259 6 4.6000000000000005 -0.14370819111873184
-16.992309950107906 64.87542280109047 7 4.6000000000000005 -0.16108412030192043
-16.971211020730664 64.87547123990322 8 4.6000000000000005 -0.16638942008650115
-16.971211020730664 64.87547123990322 8 10.3 -0.06654247150369978
-16.95011201771825 64.8755166883236 9 4.5 -0.1916502398824796
-16.95011201771825 64.8755166883236 9 10.4 -0.0698907343167418
-16.929012945761 64.87555914633536 10 4.7 -0.14099178289006498
-16.907913809549335 64.87559861392336 11 4.7 -0.2045138221156445
-16.718019466156615 64.87581925117537 20 4.5 -0.35668858371659856
-16.718019466156615 64.87581925117537 20 4.800000000000001 -0.20523769238778214
-16.443726050759626 64.87571030648816 33 7.4 -0.3096408648279311
-16.422626731381254 64.87568099260305 34 7.300000000000001 -0.2911484963840777
-16.401527460330893 64.87564868825072 35 7.2 -0.30883349387363057
-16.38042824229926 64.87561339344268 36 7.1000000000000005 -0.26914590013018375
-16.359329081976988 64.87557510819154 37 7.1000000000000005 -0.22626248834171836
-16.338229984054635 64.87553383251097 38 7.300000000000001 -0.35268366491507996
-16.31713095322267 64.87548956641564 39 7.6000000000000005 -0.3952851816997681
-16.274933111591256 64.8753920630451 41 7.9 -0.18492818627909585
-16.274933111591256 64.8753920630451 41 11.8 -0.2908404391855063
-16.169440009906843 64.87509597359711 46 12.8 -0.35601690936389785
-16.14 64.875 47 12.8 -0.3423641075928047
