-16.34 65.2 0 3.0 0.6299028548655523
-16.34 65.1910310317964 1 3.0 0.5877542628968456
-16.34 65.18206205279402 2 5.300000000000001 0.5570092785337775
-16.34 65.17309306298999 3 5.300000000000001 0.5893901277031477
-16.34 65.16412406238142 4 5.300000000000001 0.3813333485735521
-16.34 65.1551550509654 5 3.0 0.36231385796422366
-16.34 65.14618602873907 6 3.0 0.29032010903141503
-16.34 65.1372169956995 7 4.3 0.11502252557094954
-16.34 65.12824795184385 8 4.3 0.12312925534564857
-16.34 65.11927889716921 9 2.0 0.12700300499942868
-16.34 65.1103098316727 10 2.0 0.1311222579935838
-16.34 65.10134075535142 11 2.0 0.1299407290472104
-16.34 65.0923716682025 12 2.0 0.1250002417145869
-16.34 65.08340257022309 13 2.0 0.1235812570348167
-16.34 65.07443346141025 14 2.0 0.12295777576328697
-16.34 65.06546434176113 15 2.0 0.12283172173381884
-16.34 65.05649521127286 16 2.1 0.1563174973078337
-16.34 65.04752606994253 17 5.0 0.16090204012684992
-16.34 65.03855691776731 18 5.1000000000000005 0.24436584146583795
-16.34 65.0295877547443 19 10.8 0.17410433409632736
-16.34 65.0206185808706 20 10.8 0.2280403134358178
-16.34 65.01164939614338 21 10.600000000000001 0.21621081688193136
-16.34 65.00268020055975 22 10.8 0.22062384212213415
-16.34 64.99371099411684 23 10.700000000000001 0.23199175438200012
-16.34 64.98474177681177 24 4.7 0.25721320903892336
-16.34 64.97577254864169 25 4.3 0.32797397368329717
-16.34 64.9668033096037 26 4.2 0.32603930705664674
-16.34 64.95783405969496 27 4.2 0.307130835711982
-16.34 64.94886479891261 28 4.2 0.2993730628907367
-16.34 64.93989552725375 29 4.3 0.28139126149173355
-16.34 64.93092624471555 30 4.2 0.25768854247803397
-16.34 64.92195695129513 31 4.2 0.23886452092317995
-16.34 64.91298764698962 32 4.2 0.22719588864695625
-16.34 64.90401833179618 33 9.4 0.2469777566782192
-16.34 64.89504900571195 34 9.4 0.48061166351248014
-16.34 64.88607966873406 35 9.4 0.5040943377658555
-16.34 64.87711032085966 36 9.4 0.5813931752243576
-16.34 64.86814096208587 37 9.3 0.6016705935671864
-16.34 64.85917159240987 38 9.3 0.6016705935671864
-16.34 64.85020221182876 39 9.3 0.6016705935671864
-16.34 64.84123282033974 40 4.1000000000000005 0.17323113082013863
-16.34 64.83226341793991 41 2.0 0.0
-16.34 64.82329400462646 42 2.0 0.0
-16.34 64.81432458039652 43 2.0 0.0
-16.34 64.8 44 2.0 0.0
