-16.34 65.2 0 38.2 -0.08592715844187526
-16.34 65.1910310317964 1 38.1 -0.08049067245572965
-16.34 65.1910310317964 1 52.5 -0.2748970083172485
-16.34 65.18206205279402 2 38.0 -0.07601973995890204
-16.34 65.18206205279402 2 52.300000000000004 -0.25251536672107444
-16.34 65.17309306298999 3 9.200000000000001 -0.04382358239709397
-16.34 65.17309306298999 3 38.0 -0.06771788192358241
-16.34 65.16412406238142 4 9.3 -0.04552659214033806
-16.34 65.16412406238142 4 26.6 -0.046903343373399374
-16.34 65.1551550509654 5 26.5 -0.05011893514549293
-16.34 65.14618602873907 6 9.1 -0.046632795018509636
-16.34 65.1372169956995 7 9.0 -0.04904365806519159
-16.34 65.12824795184385 8 9.200000000000001 -0.047318038300963296
-16.34 65.12824795184385 8 15.9 -0.050475296644499075
-16.34 65.11927889716921 9 15.8 -0.06403562916977514
-16.34 65.1103098316727 10 15.9 -0.06704738430528158
-16.34 65.10134075535142 11 15.9 -0.0621269986674227
-16.34 65.0923716682025 12 16.1 -0.07036209322645465
-16.34 65.08340257022309 13 16.0 -0.06978240194629137
-16.34 65.07443346141025 14 16.0 -0.06633158031358309
-16.34 65.06546434176113 15 16.0 -0.06553868793003548
-16.34 65.05649521127286 16 16.1 -0.06430288468008313
-16.34 65.04752606994253 17 16.2 -0.06174609967215378
-16.34 65.03855691776731 18 16.3 -0.058354638768201135
-16.34 65.0295877547443 19 16.1 -0.05613466190141526
-16.34 65.0206185808706 20 16.2 -0.06420249265535703
-16.34 65.01164939614338 21 16.2 -0.07030827877421679
-16.34 65.00268020055975 22 16.1 -0.06907556455515779
-16.34 64.99371099411684 23 6.9 -0.10302347097242343
-16.34 64.99371099411684 23 16.0 -0.05629702775990563
-16.34 64.98474177681177 24 7.300000000000001 -0.10198067620418207
-16.34 64.98474177681177 24 16.3 -0.04299028019117345
-16.34 64.97577254864169 25 7.5 -0.10795866415364161
-16.34 64.9668033096037 26 7.5 -0.11145081263545564
-16.34 64.95783405969496 27 7.5 -0.11795072240559824
-16.34 64.94886479891261 28 7.6000000000000005 -0.11101336985990762
-16.34 64.94886479891261 28 39.900000000000006 -0.12838985520629326
-16.34 64.93989552725375 29 7.7 -0.09210588393694581
-16.34 64.93989552725375 29 39.800000000000004 -0.13156707231332251
-16.34 64.93092624471555 30 7.800000000000001 -0.07748599339867356
-16.34 64.92195695129513 31 7.800000000000001 -0.07096441729666823
-16.34 64.91298764698962 32 8.0 -0.052169490191098705
-16.34 64.89504900571195 34 11.4 -0.10212362215183537
-16.34 64.88607966873406 35 11.5 -0.12614663748793178
-16.34 64.87711032085966 36 11.4 -0.1568832211267513
-16.34 64.86814096208587 37 11.4 -0.16411703722248625
-16.34 64.85917159240987 38 11.3 -0.14874644908852866
-16.34 64.85020221182876 39 11.100000000000001 -0.16081156052716855
-16.34 64.84123282033974 40 10.8 -0.1754412418429754
-16.34 64.8 44 10.9 -0.1564596968330336
