-16.34 65.2 0 0.0
-16.34 65.2 0 0.1
-16.34 65.2 0 0.2
-16.34 65.2 0 0.30000000000000004
-16.34 65.2 0 0.4
-16.34 65.2 0 0.5
-16.34 65.2 0 0.6000000000000001
-16.34 65.2 0 0.7000000000000001
-16.34 65.2 0 0.8
-16.34 65.2 0 0.9
-16.34 65.2 0 1.0
-16.34 65.2 0 1.1
-16.34 65.2 0 1.2000000000000002
-16.34 65.1910310317964 1 0.0
-16.34 65.1910310317964 1 0.1
-16.34 65.1910310317964 1 0.2
-16.34 65.03855691776731 18 0.0
-16.34 65.03855691776731 18 0.1
-16.34 65.03855691776731 18 0.2
-16.34 65.03855691776731 18 0.30000000000000004
-16.34 65.03855691776731 18 0.4
-16.34 65.03855691776731 18 0.5
-16.34 65.03855691776731 18 0.6000000000000001
-16.34 65.03855691776731 18 0.7000000000000001
-16.34 65.03855691776731 18 0.8
-16.34 65.03855691776731 18 0.9
-16.34 65.03855691776731 18 1.0
-16.34 65.03855691776731 18 1.1
-16.34 65.03855691776731 18 1.2000000000000002
-16.34 65.03855691776731 18 1.3
-16.34 65.03855691776731 18 1.4000000000000001
-16.34 65.03855691776731 18 1.5
-16.34 65.03855691776731 18 1.6
-16.34 65.03855691776731 18 1.7000000000000002
-16.34 65.03855691776731 18 1.8
-16.34 65.03855691776731 18 1.9000000000000001
-16.34 65.03855691776731 18 2.0
-16.34 65.03855691776731 18 2.1
-16.34 65.03855691776731 18 2.2
-16.34 65.03855691776731 18 2.3000000000000003
-16.34 65.03855691776731 18 2.4000000000000004
-16.34 65.03855691776731 18 2.5
-16.34 65.03855691776731 18 2.6
-16.34 65.03855691776731 18 2.7
-16.34 65.03855691776731 18 2.8000000000000003
-16.34 65.0295877547443 19 0.0
-16.34 65.0295877547443 19 0.1
-16.34 65.0295877547443 19 0.2
-16.34 65.0295877547443 19 0.30000000000000004
-16.34 65.0295877547443 19 0.4
-16.34 65.0295877547443 19 0.5
-16.34 65.0295877547443 19 0.6000000000000001
-16.34 65.0295877547443 19 0.7000000000000001
-16.34 65.0295877547443 19 0.8
-16.34 65.0295877547443 19 0.9
-16.34 65.0295877547443 19 1.0
-16.34 65.0295877547443 19 1.1
-16.34 65.0295877547443 19 1.2000000000000002
-16.34 65.0295877547443 19 1.3
-16.34 65.0295877547443 19 1.4000000000000001
-16.34 65.0295877547443 19 1.5
-16.34 65.0295877547443 19 1.6
-16.34 65.0295877547443 19 1.7000000000000002
-16.34 65.0295877547443 19 1.8
-16.34 65.0295877547443 19 1.9000000000000001
-16.34 65.0295877547443 19 2.0
-16.34 65.0295877547443 19 2.1
-16.34 65.0295877547443 19 2.2
-16.34 65.0295877547443 19 2.3000000000000003
-16.34 65.0295877547443 19 2.4000000000000004
-16.34 65.0295877547443 19 2.5
-16.34 65.0295877547443 19 2.6
-16.34 65.0295877547443 19 2.7
-16.34 65.0295877547443 19 2.8000000000000003
-16.34 65.0295877547443 19 2.9000000000000004
-16.34 65.0295877547443 19 3.0
-16.34 65.0295877547443 19 3.1
-16.34 65.0295877547443 19 3.2
-16.34 65.0295877547443 19 3.3000000000000003
-16.34 65.0295877547443 19 3.4000000000000004
-16.34 65.0295877547443 19 3.5
-16.34 65.0295877547443 19 3.6
-16.34 65.0295877547443 19 3.7
-16.34 65.0295877547443 19 3.8000000000000003
-16.34 65.0295877547443 19 3.9000000000000004
-16.34 65.0295877547443 19 4.0
-16.34 65.0295877547443 19 4.1000000000000005
-16.34 65.0295877547443 19 4.2
-16.34 65.0295877547443 19 4.3
-16.34 65.0295877547443 19 4.4
-16.34 65.0295877547443 19 4.5
-16.34 65.0295877547443 19 4.6000000000000005
-16.34 65.0295877547443 19 4.7
-16.34 65.0295877547443 19 4.800000000000001
-16.34 65.0295877547443 19 4.9
-16.34 65.0295877547443 19 5.0
-16.34 65.0295877547443 19 5.1000000000000005
-16.34 65.0295877547443 19 5.2
-16.34 65.0295877547443 19 5.300000000000001
-16.34 65.0295877547443 19 5.4
-16.34 65.0295877547443 19 5.5
-16.34 65.0206185808706 20 0.0
-16.34 65.0206185808706 20 0.1
-16.34 65.0206185808706 20 0.2
-16.34 65.0206185808706 20 0.30000000000000004
-16.34 65.0206185808706 20 0.4
-16.34 65.0206185808706 20 0.5
-16.34 65.0206185808706 20 0.6000000000000001
-16.34 65.0206185808706 20 0.7000000000000001
-16.34 65.0206185808706 20 0.8
-16.34 65.0206185808706 20 0.9
-16.34 65.0206185808706 20 1.0
-16.34 65.0206185808706 20 1.1
-16.34 65.0206185808706 20 1.2000000000000002
-16.34 65.0206185808706 20 1.3
-16.34 65.0206185808706 20 1.4000000000000001
-16.34 65.0206185808706 20 1.5
-16.34 65.0206185808706 20 1.6
-16.34 65.0206185808706 20 1.7000000000000002
-16.34 65.0206185808706 20 1.8
-16.34 65.0206185808706 20 1.9000000000000001
-16.34 65.0206185808706 20 2.0
-16.34 65.0206185808706 20 2.1
-16.34 65.0206185808706 20 2.2
-16.34 65.0206185808706 20 2.3000000000000003
-16.34 65.0206185808706 20 2.4000000000000004
-16.34 65.0206185808706 20 2.5
-16.34 65.0206185808706 20 2.6
-16.34 65.0206185808706 20 2.7
-16.34 65.0206185808706 20 2.8000000000000003
-16.34 65.0206185808706 20 2.9000000000000004
-16.34 65.0206185808706 20 3.0
-16.34 65.0206185808706 20 3.1
-16.34 65.0206185808706 20 3.2
-16.34 65.0206185808706 20 3.3000000000000003
-16.34 65.0206185808706 20 3.4000000000000004
-16.34 65.0206185808706 20 3.5
-16.34 65.0206185808706 20 3.6
-16.34 65.0206185808706 20 3.7
-16.34 65.0206185808706 20 3.8000000000000003
-16.34 65.0206185808706 20 3.9000000000000004
-16.34 65.0206185808706 20 4.0
-16.34 65.0206185808706 20 4.1000000000000005
-16.34 65.0206185808706 20 4.2
-16.34 65.0206185808706 20 4.3
-16.34 65.0206185808706 20 4.4
-16.34 65.0206185808706 20 4.5
-16.34 65.0206185808706 20 4.6000000000000005
-16.34 65.0206185808706 20 4.7
-16.34 65.0206185808706 20 4.800000000000001
-16.34 65.0206185808706 20 4.9
-16.34 65.0206185808706 20 5.0
-16.34 65.0206185808706 20 5.1000000000000005
-16.34 65.0206185808706 20 5.2
-16.34 65.0206185808706 20 5.300000000000001
-16.34 65.0206185808706 20 5.4
-16.34 65.0206185808706 20 5.5
-16.34 65.01164939614338 21 0.0
-16.34 65.01164939614338 21 0.1
-16.34 65.01164939614338 21 0.2
-16.34 65.01164939614338 21 0.30000000000000004
-16.34 65.01164939614338 21 0.4
-16.34 65.01164939614338 21 0.5
-16.34 65.01164939614338 21 0.6000000000000001
-16.34 65.01164939614338 21 0.7000000000000001
-16.34 65.01164939614338 21 0.8
-16.34 65.01164939614338 21 0.9
-16.34 65.01164939614338 21 1.0
-16.34 65.01164939614338 21 1.1
-16.34 65.01164939614338 21 1.2000000000000002
-16.34 65.01164939614338 21 1.3
-16.34 65.01164939614338 21 1.4000000000000001
-16.34 65.01164939614338 21 1.5
-16.34 65.01164939614338 21 1.6
-16.34 65.01164939614338 21 1.7000000000000002
-16.34 65.01164939614338 21 1.8
-16.34 65.01164939614338 21 1.9000000000000001
-16.34 65.01164939614338 21 2.0
-16.34 65.01164939614338 21 2.1
-16.34 65.01164939614338 21 2.2
-16.34 65.01164939614338 21 2.3000000000000003
-16.34 65.01164939614338 21 2.4000000000000004
-16.34 65.01164939614338 21 2.5
-16.34 65.01164939614338 21 2.6
-16.34 65.01164939614338 21 2.7
-16.34 65.01164939614338 21 2.8000000000000003
-16.34 65.01164939614338 21 2.9000000000000004
-16.34 65.01164939614338 21 3.0
-16.34 65.01164939614338 21 3.1
-16.34 65.01164939614338 21 3.2
-16.34 65.01164939614338 21 3.3000000000000003
-16.34 65.01164939614338 21 3.4000000000000004
-16.34 65.01164939614338 21 3.5
-16.34 65.01164939614338 21 3.6
-16.34 65.01164939614338 21 3.7
-16.34 65.01164939614338 21 3.8000000000000003
-16.34 65.01164939614338 21 3.9000000000000004
-16.34 65.01164939614338 21 4.0
-16.34 65.01164939614338 21 4.1000000000000005
-16.34 65.01164939614338 21 4.2
-16.34 65.01164939614338 21 4.3
-16.34 65.01164939614338 21 4.4
-16.34 65.01164939614338 21 4.5
-16.34 65.01164939614338 21 4.6000000000000005
-16.34 65.01164939614338 21 4.7
-16.34 65.01164939614338 21 4.800000000000001
-16.34 65.01164939614338 21 4.9
-16.34 65.01164939614338 21 5.0
-16.34 65.01164939614338 21 5.1000000000000005
-16.34 65.01164939614338 21 5.2
-16.34 65.00268020055975 22 0.0
-16.34 65.00268020055975 22 0.1
-16.34 65.00268020055975 22 0.2
-16.34 65.00268020055975 22 0.30000000000000004
-16.34 65.00268020055975 22 0.4
-16.34 65.00268020055975 22 0.5
-16.34 65.00268020055975 22 0.6000000000000001
-16.34 65.00268020055975 22 0.7000000000000001
-16.34 65.00268020055975 22 0.8
-16.34 65.00268020055975 22 0.9
-16.34 65.00268020055975 22 1.0
-16.34 65.00268020055975 22 1.1
-16.34 65.00268020055975 22 1.2000000000000002
-16.34 65.00268020055975 22 1.3
-16.34 65.00268020055975 22 1.4000000000000001
-16.34 65.00268020055975 22 1.5
-16.34 65.00268020055975 22 1.6
-16.34 65.00268020055975 22 1.7000000000000002
-16.34 65.00268020055975 22 1.8
-16.34 65.00268020055975 22 1.9000000000000001
-16.34 65.00268020055975 22 2.0
-16.34 65.00268020055975 22 2.1
-16.34 65.00268020055975 22 2.2
-16.34 65.00268020055975 22 2.3000000000000003
-16.34 65.00268020055975 22 2.4000000000000004
-16.34 65.00268020055975 22 2.5
-16.34 65.00268020055975 22 2.6
-16.34 65.00268020055975 22 2.7
-16.34 65.00268020055975 22 2.8000000000000003
-16.34 65.00268020055975 22 2.9000000000000004
-16.34 65.00268020055975 22 3.0
-16.34 65.00268020055975 22 3.1
-16.34 65.00268020055975 22 3.2
-16.34 65.00268020055975 22 3.3000000000000003
-16.34 65.00268020055975 22 3.4000000000000004
-16.34 65.00268020055975 22 3.5
-16.34 65.00268020055975 22 3.6
-16.34 65.00268020055975 22 3.7
-16.34 65.00268020055975 22 3.8000000000000003
-16.34 65.00268020055975 22 3.9000000000000004
-16.34 65.00268020055975 22 4.0
-16.34 65.00268020055975 22 4.1000000000000005
-16.34 65.00268020055975 22 4.2
-16.34 65.00268020055975 22 4.3
-16.34 65.00268020055975 22 4.4
-16.34 65.00268020055975 22 4.5
-16.34 65.00268020055975 22 4.6000000000000005
-16.34 65.00268020055975 22 4.7
-16.34 65.00268020055975 22 4.800000000000001
-16.34 65.00268020055975 22 4.9
-16.34 65.00268020055975 22 5.0
-16.34 64.99371099411684 23 0.0
-16.34 64.99371099411684 23 0.1
-16.34 64.99371099411684 23 0.2
-16.34 64.99371099411684 23 0.30000000000000004
-16.34 64.99371099411684 23 0.4
-16.34 64.99371099411684 23 0.5
-16.34 64.99371099411684 23 0.6000000000000001
-16.34 64.99371099411684 23 0.7000000000000001
-16.34 64.99371099411684 23 0.8
-16.34 64.99371099411684 23 0.9
-16.34 64.99371099411684 23 1.0
-16.34 64.99371099411684 23 1.1
-16.34 64.99371099411684 23 1.2000000000000002
-16.34 64.99371099411684 23 1.3
-16.34 64.99371099411684 23 1.4000000000000001
-16.34 64.99371099411684 23 1.5
-16.34 64.99371099411684 23 1.6
-16.34 64.99371099411684 23 1.7000000000000002
-16.34 64.99371099411684 23 1.8
-16.34 64.99371099411684 23 1.9000000000000001
-16.34 64.99371099411684 23 2.0
-16.34 64.99371099411684 23 2.1
-16.34 64.99371099411684 23 2.2
-16.34 64.99371099411684 23 2.3000000000000003
-16.34 64.99371099411684 23 2.4000000000000004
-16.34 64.99371099411684 23 2.5
-16.34 64.99371099411684 23 2.6
-16.34 64.99371099411684 23 2.7
-16.34 64.99371099411684 23 2.8000000000000003
-16.34 64.99371099411684 23 2.9000000000000004
-16.34 64.99371099411684 23 3.0
-16.34 64.99371099411684 23 3.1
-16.34 64.99371099411684 23 3.2
-16.34 64.99371099411684 23 3.3000000000000003
-16.34 64.99371099411684 23 3.4000000000000004
-16.34 64.99371099411684 23 3.5
-16.34 64.99371099411684 23 3.6
-16.34 64.99371099411684 23 3.7
-16.34 64.99371099411684 23 3.8000000000000003
-16.34 64.99371099411684 23 3.9000000000000004
-16.34 64.99371099411684 23 4.0
-16.34 64.99371099411684 23 4.1000000000000005
-16.34 64.99371099411684 23 4.2
-16.34 64.99371099411684 23 4.3
-16.34 64.99371099411684 23 4.4
-16.34 64.99371099411684 23 4.5
-16.34 64.99371099411684 23 4.6000000000000005
-16.34 64.99371099411684 23 4.7
-16.34 64.99371099411684 23 4.800000000000001
-16.34 64.99371099411684 23 4.9
-16.34 64.98474177681177 24 0.0
-16.34 64.98474177681177 24 0.1
-16.34 64.98474177681177 24 0.2
-16.34 64.98474177681177 24 0.30000000000000004
-16.34 64.98474177681177 24 0.4
-16.34 64.98474177681177 24 0.5
-16.34 64.98474177681177 24 0.6000000000000001
-16.34 64.98474177681177 24 0.7000000000000001
-16.34 64.98474177681177 24 0.8
-16.34 64.98474177681177 24 0.9
-16.34 64.98474177681177 24 1.0
-16.34 64.98474177681177 24 1.1
-16.34 64.98474177681177 24 1.2000000000000002
-16.34 64.98474177681177 24 1.3
-16.34 64.98474177681177 24 1.4000000000000001
-16.34 64.98474177681177 24 1.5
-16.34 64.98474177681177 24 1.6
-16.34 64.98474177681177 24 1.7000000000000002
-16.34 64.98474177681177 24 1.8
-16.34 64.98474177681177 24 1.9000000000000001
-16.34 64.98474177681177 24 2.0
-16.34 64.98474177681177 24 2.1
-16.34 64.98474177681177 24 2.2
-16.34 64.98474177681177 24 2.3000000000000003
-16.34 64.98474177681177 24 2.4000000000000004
-16.34 64.98474177681177 24 2.5
-16.34 64.98474177681177 24 2.6
-16.34 64.98474177681177 24 2.7
-16.34 64.98474177681177 24 2.8000000000000003
-16.34 64.98474177681177 24 2.9000000000000004
-16.34 64.98474177681177 24 3.0
-16.34 64.98474177681177 24 3.1
-16.34 64.98474177681177 24 3.2
-16.34 64.98474177681177 24 3.3000000000000003
-16.34 64.98474177681177 24 3.4000000000000004
-16.34 64.98474177681177 24 3.5
-16.34 64.98474177681177 24 3.6
-16.34 64.98474177681177 24 3.7
-16.34 64.98474177681177 24 3.8000000000000003
-16.34 64.98474177681177 24 3.9000000000000004
-16.34 64.98474177681177 24 4.0
-16.34 64.97577254864169 25 0.0
-16.34 64.97577254864169 25 0.1
-16.34 64.97577254864169 25 0.2
-16.34 64.97577254864169 25 0.30000000000000004
-16.34 64.97577254864169 25 0.4
-16.34 64.97577254864169 25 0.5
-16.34 64.97577254864169 25 0.6000000000000001
-16.34 64.97577254864169 25 0.7000000000000001
-16.34 64.97577254864169 25 0.8
-16.34 64.97577254864169 25 0.9
-16.34 64.97577254864169 25 1.0
-16.34 64.97577254864169 25 1.1
-16.34 64.97577254864169 25 1.2000000000000002
-16.34 64.97577254864169 25 1.3
-16.34 64.97577254864169 25 1.4000000000000001
-16.34 64.97577254864169 25 1.5
-16.34 64.97577254864169 25 1.6
-16.34 64.97577254864169 25 1.7000000000000002
-16.34 64.97577254864169 25 1.8
-16.34 64.97577254864169 25 1.9000000000000001
-16.34 64.97577254864169 25 2.0
-16.34 64.97577254864169 25 2.1
-16.34 64.97577254864169 25 2.2
-16.34 64.97577254864169 25 2.3000000000000003
-16.34 64.97577254864169 25 2.4000000000000004
-16.34 64.97577254864169 25 2.5
-16.34 64.97577254864169 25 2.6
-16.34 64.97577254864169 25 2.7
-16.34 64.97577254864169 25 2.8000000000000003
-16.34 64.97577254864169 25 2.9000000000000004
-16.34 64.97577254864169 25 3.0
-16.34 64.9668033096037 26 0.0
-16.34 64.9668033096037 26 0.1
-16.34 64.9668033096037 26 0.2
-16.34 64.9668033096037 26 0.30000000000000004
-16.34 64.9668033096037 26 0.4
-16.34 64.9668033096037 26 0.5
-16.34 64.9668033096037 26 0.6000000000000001
-16.34 64.9668033096037 26 0.7000000000000001
-16.34 64.9668033096037 26 0.8
-16.34 64.9668033096037 26 0.9
-16.34 64.9668033096037 26 1.0
-16.34 64.9668033096037 26 1.1
-16.34 64.9668033096037 26 1.2000000000000002
-16.34 64.9668033096037 26 1.3
-16.34 64.9668033096037 26 1.4000000000000001
-16.34 64.9668033096037 26 1.5
-16.34 64.9668033096037 26 1.6
-16.34 64.9668033096037 26 1.7000000000000002
-16.34 64.9668033096037 26 1.8
-16.34 64.9668033096037 26 1.9000000000000001
-16.34 64.9668033096037 26 2.0
-16.34 64.95783405969496 27 0.0
-16.34 64.95783405969496 27 0.1
-16.34 64.95783405969496 27 0.2
-16.34 64.95783405969496 27 0.30000000000000004
-16.34 64.95783405969496 27 0.4
-16.34 64.95783405969496 27 0.5
-16.34 64.95783405969496 27 0.6000000000000001
-16.34 64.95783405969496 27 0.7000000000000001
-16.34 64.95783405969496 27 0.8
-16.34 64.95783405969496 27 0.9
-16.34 64.95783405969496 27 1.0
-16.34 64.94886479891261 28 0.0
-16.34 64.87711032085966 36 0.0
-16.34 64.87711032085966 36 0.1
-16.34 64.87711032085966 36 0.2
-16.34 64.87711032085966 36 0.30000000000000004
-16.34 64.87711032085966 36 0.4
-16.34 64.87711032085966 36 0.5
-16.34 64.87711032085966 36 0.6000000000000001
-16.34 64.87711032085966 36 0.7000000000000001
-16.34 64.87711032085966 36 0.8
-16.34 64.86814096208587 37 0.0
-16.34 64.86814096208587 37 0.1
-16.34 64.86814096208587 37 0.2
-16.34 64.86814096208587 37 0.30000000000000004
-16.34 64.86814096208587 37 0.4
-16.34 64.86814096208587 37 0.5
-16.34 64.86814096208587 37 0.6000000000000001
-16.34 64.86814096208587 37 0.7000000000000001
-16.34 64.86814096208587 37 0.8
-16.34 64.86814096208587 37 0.9
-16.34 64.86814096208587 37 1.0
-16.34 64.86814096208587 37 1.1
-16.34 64.86814096208587 37 1.2000000000000002
-16.34 64.86814096208587 37 1.3
-16.34 64.86814096208587 37 1.4000000000000001
-16.34 64.86814096208587 37 1.5
-16.34 64.86814096208587 37 1.6
-16.34 64.86814096208587 37 1.7000000000000002
-16.34 64.86814096208587 37 1.8
-16.34 64.86814096208587 37 1.9000000000000001
-16.34 64.85917159240987 38 0.0
-16.34 64.85917159240987 38 0.1
-16.34 64.85917159240987 38 0.2
-16.34 64.85917159240987 38 0.30000000000000004
-16.34 64.85917159240987 38 0.4
-16.34 64.85917159240987 38 0.5
-16.34 64.85917159240987 38 0.6000000000000001
-16.34 64.85917159240987 38 0.7000000000000001
-16.34 64.85917159240987 38 0.8
-16.34 64.85917159240987 38 0.9
-16.34 64.85917159240987 38 1.0
-16.34 64.85917159240987 38 1.1
-16.34 64.85917159240987 38 1.2000000000000002
-16.34 64.85917159240987 38 1.3
-16.34 64.85917159240987 38 1.4000000000000001
-16.34 64.85917159240987 38 1.5
-16.34 64.85917159240987 38 1.6
-16.34 64.85917159240987 38 1.7000000000000002
-16.34 64.85917159240987 38 1.8
-16.34 64.85917159240987 38 11.5
-16.34 64.85917159240987 38 11.600000000000001
-16.34 64.85917159240987 38 11.700000000000001
-16.34 64.85917159240987 38 11.8
-16.34 64.85917159240987 38 11.9
-16.34 64.85917159240987 38 12.0
-16.34 64.85917159240987 38 12.100000000000001
-16.34 64.85917159240987 38 12.200000000000001
-16.34 64.85917159240987 38 12.3
-16.34 64.85917159240987 38 12.4
-16.34 64.85917159240987 38 12.5
-16.34 64.85917159240987 38 12.600000000000001
-16.34 64.85917159240987 38 12.700000000000001
-16.34 64.85917159240987 38 12.8
-16.34 64.85917159240987 38 12.9
-16.34 64.85917159240987 38 13.0
-16.34 64.85917159240987 38 13.100000000000001
-16.34 64.85917159240987 38 13.200000000000001
-16.34 64.85917159240987 38 13.3
-16.34 64.85020221182876 39 0.0
-16.34 64.85020221182876 39 0.1
-16.34 64.85020221182876 39 0.2
-16.34 64.85020221182876 39 0.30000000000000004
-16.34 64.85020221182876 39 0.4
-16.34 64.85020221182876 39 0.5
-16.34 64.85020221182876 39 0.6000000000000001
-16.34 64.85020221182876 39 0.7000000000000001
-16.34 64.85020221182876 39 0.8
-16.34 64.85020221182876 39 0.9
-16.34 64.85020221182876 39 1.0
-16.34 64.85020221182876 39 1.1
-16.34 64.85020221182876 39 1.2000000000000002
-16.34 64.85020221182876 39 1.3
-16.34 64.85020221182876 39 1.4000000000000001
-16.34 64.85020221182876 39 1.5
-16.34 64.85020221182876 39 1.6
-16.34 64.85020221182876 39 1.7000000000000002
-16.34 64.85020221182876 39 1.8
-16.34 64.85020221182876 39 1.9000000000000001
-16.34 64.85020221182876 39 2.0
-16.34 64.85020221182876 39 2.1
-16.34 64.85020221182876 39 10.100000000000001
-16.34 64.85020221182876 39 10.200000000000001
-16.34 64.85020221182876 39 10.3
-16.34 64.85020221182876 39 10.4
-16.34 64.85020221182876 39 10.5
-16.34 64.85020221182876 39 10.600000000000001
-16.34 64.85020221182876 39 10.700000000000001
-16.34 64.85020221182876 39 10.8
-16.34 64.85020221182876 39 10.9
-16.34 64.85020221182876 39 11.0
-16.34 64.85020221182876 39 11.100000000000001
-16.34 64.85020221182876 39 11.200000000000001
-16.34 64.85020221182876 39 11.3
-16.34 64.85020221182876 39 11.4
-16.34 64.85020221182876 39 11.5
-16.34 64.85020221182876 39 11.600000000000001
-16.34 64.85020221182876 39 11.700000000000001
-16.34 64.85020221182876 39 11.8
-16.34 64.85020221182876 39 11.9
-16.34 64.85020221182876 39 12.0
-16.34 64.85020221182876 39 12.100000000000001
-16.34 64.85020221182876 39 12.200000000000001
-16.34 64.85020221182876 39 12.3
-16.34 64.85020221182876 39 12.4
-16.34 64.85020221182876 39 12.5
-16.34 64.85020221182876 39 12.600000000000001
-16.34 64.85020221182876 39 12.700000000000001
-16.34 64.85020221182876 39 12.8
-16.34 64.85020221182876 39 12.9
-16.34 64.85020221182876 39 13.0
-16.34 64.85020221182876 39 13.100000000000001
-16.34 64.85020221182876 39 13.200000000000001
-16.34 64.85020221182876 39 13.3
-16.34 64.85020221182876 39 13.4
-16.34 64.85020221182876 39 13.5
-16.34 64.85020221182876 39 13.600000000000001
-16.34 64.85020221182876 39 13.700000000000001
-16.34 64.85020221182876 39 13.8
-16.34 64.85020221182876 39 13.9
-16.34 64.85020221182876 39 14.0
-16.34 64.85020221182876 39 14.100000000000001
-16.34 64.85020221182876 39 14.200000000000001
-16.34 64.85020221182876 39 14.3
-16.34 64.85020221182876 39 14.4
-16.34 64.85020221182876 39 14.5
-16.34 64.85020221182876 39 14.600000000000001
-16.34 64.85020221182876 39 14.700000000000001
-16.34 64.85020221182876 39 14.8
-16.34 64.85020221182876 39 14.9
-16.34 64.84123282033974 40 0.0
-16.34 64.84123282033974 40 0.1
-16.34 64.84123282033974 40 0.2
-16.34 64.84123282033974 40 0.30000000000000004
-16.34 64.84123282033974 40 0.4
-16.34 64.84123282033974 40 0.5
-16.34 64.84123282033974 40 0.6000000000000001
-16.34 64.84123282033974 40 0.7000000000000001
-16.34 64.84123282033974 40 0.8
-16.34 64.84123282033974 40 0.9
-16.34 64.84123282033974 40 1.0
-16.34 64.84123282033974 40 1.1
-16.34 64.84123282033974 40 1.2000000000000002
-16.34 64.84123282033974 40 1.3
-16.34 64.84123282033974 40 1.4000000000000001
-16.34 64.84123282033974 40 1.5
-16.34 64.84123282033974 40 1.6
-16.34 64.84123282033974 40 1.7000000000000002
-16.34 64.84123282033974 40 1.8
-16.34 64.84123282033974 40 1.9000000000000001
-16.34 64.84123282033974 40 2.0
-16.34 64.84123282033974 40 2.1
-16.34 64.84123282033974 40 2.2
-16.34 64.84123282033974 40 2.3000000000000003
-16.34 64.84123282033974 40 2.4000000000000004
-16.34 64.84123282033974 40 2.5
-16.34 64.84123282033974 40 2.6
-16.34 64.84123282033974 40 2.7
-16.34 64.84123282033974 40 2.8000000000000003
-16.34 64.84123282033974 40 2.9000000000000004
-16.34 64.84123282033974 40 3.0
-16.34 64.84123282033974 40 3.1
-16.34 64.84123282033974 40 8.0
-16.34 64.84123282033974 40 8.1
-16.34 64.84123282033974 40 8.200000000000001
-16.34 64.84123282033974 40 8.3
-16.34 64.84123282033974 40 8.4
-16.34 64.84123282033974 40 8.5
-16.34 64.84123282033974 40 8.6
-16.34 64.84123282033974 40 8.700000000000001
-16.34 64.84123282033974 40 8.8
-16.34 64.84123282033974 40 8.9
-16.34 64.84123282033974 40 9.0
-16.34 64.84123282033974 40 9.1
-16.34 64.84123282033974 40 9.200000000000001
-16.34 64.84123282033974 40 9.3
-16.34 64.84123282033974 40 9.4
-16.34 64.84123282033974 40 9.5
-16.34 64.84123282033974 40 9.600000000000001
-16.34 64.84123282033974 40 9.700000000000001
-16.34 64.84123282033974 40 9.8
-16.34 64.84123282033974 40 9.9
-16.34 64.84123282033974 40 10.0
-16.34 64.84123282033974 40 10.100000000000001
-16.34 64.84123282033974 40 10.200000000000001
-16.34 64.84123282033974 40 10.3
-16.34 64.84123282033974 40 10.4
-16.34 64.84123282033974 40 10.5
-16.34 64.84123282033974 40 10.600000000000001
-16.34 64.84123282033974 40 10.700000000000001
-16.34 64.84123282033974 40 10.8
-16.34 64.84123282033974 40 10.9
-16.34 64.84123282033974 40 11.0
-16.34 64.84123282033974 40 11.100000000000001
-16.34 64.84123282033974 40 11.200000000000001
-16.34 64.84123282033974 40 11.3
-16.34 64.84123282033974 40 11.4
-16.34 64.84123282033974 40 11.5
-16.34 64.84123282033974 40 11.600000000000001
-16.34 64.84123282033974 40 11.700000000000001
-16.34 64.84123282033974 40 11.8
-16.34 64.84123282033974 40 11.9
-16.34 64.84123282033974 40 12.0
-16.34 64.84123282033974 40 12.100000000000001
-16.34 64.84123282033974 40 12.200000000000001
-16.34 64.84123282033974 40 12.3
-16.34 64.84123282033974 40 12.4
-16.34 64.84123282033974 40 12.5
-16.34 64.84123282033974 40 12.600000000000001
-16.34 64.84123282033974 40 12.700000000000001
-16.34 64.84123282033974 40 12.8
-16.34 64.84123282033974 40 12.9
-16.34 64.84123282033974 40 13.0
-16.34 64.84123282033974 40 13.100000000000001
-16.34 64.84123282033974 40 13.200000000000001
-16.34 64.84123282033974 40 13.3
-16.34 64.84123282033974 40 13.4
-16.34 64.84123282033974 40 13.5
-16.34 64.84123282033974 40 13.600000000000001
-16.34 64.84123282033974 40 13.700000000000001
-16.34 64.84123282033974 40 13.8
-16.34 64.84123282033974 40 13.9
-16.34 64.84123282033974 40 14.0
-16.34 64.84123282033974 40 14.100000000000001
-16.34 64.84123282033974 40 14.200000000000001
-16.34 64.84123282033974 40 14.3
-16.34 64.84123282033974 40 14.4
-16.34 64.84123282033974 40 14.5
-16.34 64.84123282033974 40 14.600000000000001
-16.34 64.84123282033974 40 14.700000000000001
-16.34 64.84123282033974 40 14.8
-16.34 64.84123282033974 40 14.9
-16.34 64.83226341793991 41 0.0
-16.34 64.83226341793991 41 0.1
-16.34 64.83226341793991 41 0.2
-16.34 64.83226341793991 41 0.30000000000000004
-16.34 64.83226341793991 41 0.4
-16.34 64.83226341793991 41 0.5
-16.34 64.83226341793991 41 0.6000000000000001
-16.34 64.83226341793991 41 0.7000000000000001
-16.34 64.83226341793991 41 0.8
-16.34 64.83226341793991 41 0.9
-16.34 64.83226341793991 41 1.0
-16.34 64.83226341793991 41 1.1
-16.34 64.83226341793991 41 1.2000000000000002
-16.34 64.83226341793991 41 1.3
-16.34 64.83226341793991 41 1.4000000000000001
-16.34 64.83226341793991 41 1.5
-16.34 64.83226341793991 41 1.6
-16.34 64.83226341793991 41 1.7000000000000002
-16.34 64.83226341793991 41 1.8
-16.34 64.83226341793991 41 1.9000000000000001
-16.34 64.83226341793991 41 2.0
-16.34 64.83226341793991 41 2.1
-16.34 64.83226341793991 41 2.2
-16.34 64.83226341793991 41 2.3000000000000003
-16.34 64.83226341793991 41 2.4000000000000004
-16.34 64.83226341793991 41 2.5
-16.34 64.83226341793991 41 2.6
-16.34 64.83226341793991 41 2.7
-16.34 64.83226341793991 41 2.8000000000000003
-16.34 64.83226341793991 41 2.9000000000000004
-16.34 64.83226341793991 41 3.0
-16.34 64.83226341793991 41 3.1
-16.34 64.83226341793991 41 3.2
-16.34 64.83226341793991 41 3.3000000000000003
-16.34 64.83226341793991 41 3.4000000000000004
-16.34 64.83226341793991 41 3.5
-16.34 64.83226341793991 41 3.6
-16.34 64.83226341793991 41 3.7
-16.34 64.83226341793991 41 3.8000000000000003
-16.34 64.83226341793991 41 3.9000000000000004
-16.34 64.83226341793991 41 4.0
-16.34 64.83226341793991 41 4.1000000000000005
-16.34 64.83226341793991 41 4.2
-16.34 64.83226341793991 41 4.3
-16.34 64.83226341793991 41 4.4
-16.34 64.83226341793991 41 4.5
-16.34 64.83226341793991 41 4.6000000000000005
-16.34 64.83226341793991 41 4.7
-16.34 64.83226341793991 41 4.800000000000001
-16.34 64.83226341793991 41 4.9
-16.34 64.83226341793991 41 5.0
-16.34 64.83226341793991 41 5.1000000000000005
-16.34 64.83226341793991 41 5.2
-16.34 64.83226341793991 41 5.300000000000001
-16.34 64.83226341793991 41 5.4
-16.34 64.83226341793991 41 5.5
-16.34 64.83226341793991 41 5.6000000000000005
-16.34 64.83226341793991 41 5.7
-16.34 64.83226341793991 41 5.800000000000001
-16.34 64.83226341793991 41 5.9
-16.34 64.83226341793991 41 6.0
-16.34 64.83226341793991 41 6.1000000000000005
-16.34 64.83226341793991 41 6.2
-16.34 64.83226341793991 41 6.300000000000001
-16.34 64.83226341793991 41 6.4
-16.34 64.83226341793991 41 6.5
-16.34 64.83226341793991 41 6.6000000000000005
-16.34 64.83226341793991 41 6.7
-16.34 64.83226341793991 41 6.800000000000001
-16.34 64.83226341793991 41 6.9
-16.34 64.83226341793991 41 7.0
-16.34 64.83226341793991 41 7.1000000000000005
-16.34 64.83226341793991 41 7.2
-16.34 64.83226341793991 41 7.300000000000001
-16.34 64.83226341793991 41 7.4
-16.34 64.83226341793991 41 7.5
-16.34 64.83226341793991 41 7.6000000000000005
-16.34 64.83226341793991 41 7.7
-16.34 64.83226341793991 41 7.800000000000001
-16.34 64.83226341793991 41 7.9
-16.34 64.83226341793991 41 8.0
-16.34 64.83226341793991 41 8.1
-16.34 64.83226341793991 41 8.200000000000001
-16.34 64.83226341793991 41 8.3
-16.34 64.83226341793991 41 8.4
-16.34 64.83226341793991 41 8.5
-16.34 64.83226341793991 41 8.6
-16.34 64.83226341793991 41 8.700000000000001
-16.34 64.83226341793991 41 8.8
-16.34 64.83226341793991 41 8.9
-16.34 64.83226341793991 41 9.0
-16.34 64.83226341793991 41 9.1
-16.34 64.83226341793991 41 9.200000000000001
-16.34 64.83226341793991 41 9.3
-16.34 64.83226341793991 41 9.4
-16.34 64.83226341793991 41 9.5
-16.34 64.83226341793991 41 9.600000000000001
-16.34 64.83226341793991 41 9.700000000000001
-16.34 64.83226341793991 41 9.8
-16.34 64.83226341793991 41 9.9
-16.34 64.83226341793991 41 10.0
-16.34 64.83226341793991 41 10.100000000000001
-16.34 64.83226341793991 41 10.200000000000001
-16.34 64.83226341793991 41 10.3
-16.34 64.83226341793991 41 10.4
-16.34 64.83226341793991 41 10.5
-16.34 64.83226341793991 41 10.600000000000001
-16.34 64.83226341793991 41 10.700000000000001
-16.34 64.83226341793991 41 10.8
-16.34 64.83226341793991 41 10.9
-16.34 64.83226341793991 41 11.0
-16.34 64.83226341793991 41 11.100000000000001
-16.34 64.83226341793991 41 11.200000000000001
-16.34 64.83226341793991 41 11.3
-16.34 64.83226341793991 41 11.4
-16.34 64.83226341793991 41 11.5
-16.34 64.83226341793991 41 11.600000000000001
-16.34 64.83226341793991 41 11.700000000000001
-16.34 64.83226341793991 41 11.8
-16.34 64.83226341793991 41 11.9
-16.34 64.83226341793991 41 12.0
-16.34 64.83226341793991 41 12.100000000000001
-16.34 64.83226341793991 41 12.200000000000001
-16.34 64.83226341793991 41 12.3
-16.34 64.83226341793991 41 12.4
-16.34 64.83226341793991 41 12.5
-16.34 64.83226341793991 41 12.600000000000001
-16.34 64.83226341793991 41 12.700000000000001
-16.34 64.83226341793991 41 12.8
-16.34 64.83226341793991 41 12.9
-16.34 64.83226341793991 41 13.0
-16.34 64.83226341793991 41 13.100000000000001
-16.34 64.83226341793991 41 13.200000000000001
-16.34 64.83226341793991 41 13.3
-16.34 64.83226341793991 41 13.4
-16.34 64.83226341793991 41 13.5
-16.34 64.83226341793991 41 13.600000000000001
-16.34 64.83226341793991 41 13.700000000000001
-16.34 64.83226341793991 41 13.8
-16.34 64.83226341793991 41 13.9
-16.34 64.83226341793991 41 14.0
-16.34 64.83226341793991 41 14.100000000000001
-16.34 64.83226341793991 41 14.200000000000001
-16.34 64.83226341793991 41 14.3
-16.34 64.83226341793991 41 14.4
-16.34 64.83226341793991 41 14.5
-16.34 64.83226341793991 41 14.600000000000001
-16.34 64.83226341793991 41 14.700000000000001
-16.34 64.83226341793991 41 14.8
-16.34 64.83226341793991 41 14.9
-16.34 64.82329400462646 42 0.0
-16.34 64.82329400462646 42 0.1
-16.34 64.82329400462646 42 0.2
-16.34 64.82329400462646 42 0.30000000000000004
-16.34 64.82329400462646 42 0.4
-16.34 64.82329400462646 42 0.5
-16.34 64.82329400462646 42 0.6000000000000001
-16.34 64.82329400462646 42 0.7000000000000001
-16.34 64.82329400462646 42 0.8
-16.34 64.82329400462646 42 0.9
-16.34 64.82329400462646 42 1.0
-16.34 64.82329400462646 42 1.1
-16.34 64.82329400462646 42 1.2000000000000002
-16.34 64.82329400462646 42 1.3
-16.34 64.82329400462646 42 1.4000000000000001
-16.34 64.82329400462646 42 1.5
-16.34 64.82329400462646 42 1.6
-16.34 64.82329400462646 42 1.7000000000000002
-16.34 64.82329400462646 42 1.8
-16.34 64.82329400462646 42 1.9000000000000001
-16.34 64.82329400462646 42 2.0
-16.34 64.82329400462646 42 2.1
-16.34 64.82329400462646 42 2.2
-16.34 64.82329400462646 42 2.3000000000000003
-16.34 64.82329400462646 42 2.4000000000000004
-16.34 64.82329400462646 42 2.5
-16.34 64.82329400462646 42 2.6
-16.34 64.82329400462646 42 2.7
-16.34 64.82329400462646 42 2.8000000000000003
-16.34 64.82329400462646 42 2.9000000000000004
-16.34 64.82329400462646 42 3.0
-16.34 64.82329400462646 42 3.1
-16.34 64.82329400462646 42 3.2
-16.34 64.82329400462646 42 3.3000000000000003
-16.34 64.82329400462646 42 3.4000000000000004
-16.34 64.82329400462646 42 3.5
-16.34 64.82329400462646 42 3.6
-16.34 64.82329400462646 42 3.7
-16.34 64.82329400462646 42 3.8000000000000003
-16.34 64.82329400462646 42 3.9000000000000004
-16.34 64.82329400462646 42 4.0
-16.34 64.82329400462646 42 4.1000000000000005
-16.34 64.82329400462646 42 4.2
-16.34 64.82329400462646 42 4.3
-16.34 64.82329400462646 42 4.4
-16.34 64.82329400462646 42 4.5
-16.34 64.82329400462646 42 4.6000000000000005
-16.34 64.82329400462646 42 4.7
-16.34 64.82329400462646 42 4.800000000000001
-16.34 64.82329400462646 42 4.9
-16.34 64.82329400462646 42 5.0
-16.34 64.82329400462646 42 5.1000000000000005
-16.34 64.82329400462646 42 5.2
-16.34 64.82329400462646 42 5.300000000000001
-16.34 64.82329400462646 42 5.4
-16.34 64.82329400462646 42 5.5
-16.34 64.82329400462646 42 5.6000000000000005
-16.34 64.82329400462646 42 5.7
-16.34 64.82329400462646 42 5.800000000000001
-16.34 64.82329400462646 42 5.9
-16.34 64.82329400462646 42 6.0
-16.34 64.82329400462646 42 6.1000000000000005
-16.34 64.82329400462646 42 6.2
-16.34 64.82329400462646 42 6.300000000000001
-16.34 64.82329400462646 42 6.4
-16.34 64.82329400462646 42 6.5
-16.34 64.82329400462646 42 6.6000000000000005
-16.34 64.82329400462646 42 6.7
-16.34 64.82329400462646 42 6.800000000000001
-16.34 64.82329400462646 42 6.9
-16.34 64.82329400462646 42 7.0
-16.34 64.82329400462646 42 7.1000000000000005
-16.34 64.82329400462646 42 7.2
-16.34 64.82329400462646 42 7.300000000000001
-16.34 64.82329400462646 42 7.4
-16.34 64.82329400462646 42 7.5
-16.34 64.82329400462646 42 7.6000000000000005
-16.34 64.82329400462646 42 7.7
-16.34 64.82329400462646 42 7.800000000000001
-16.34 64.82329400462646 42 7.9
-16.34 64.82329400462646 42 8.0
-16.34 64.82329400462646 42 8.1
-16.34 64.82329400462646 42 8.200000000000001
-16.34 64.82329400462646 42 8.3
-16.34 64.82329400462646 42 8.4
-16.34 64.82329400462646 42 8.5
-16.34 64.82329400462646 42 8.6
-16.34 64.82329400462646 42 8.700000000000001
-16.34 64.82329400462646 42 8.8
-16.34 64.82329400462646 42 8.9
-16.34 64.82329400462646 42 9.0
-16.34 64.82329400462646 42 9.1
-16.34 64.82329400462646 42 9.200000000000001
-16.34 64.82329400462646 42 9.3
-16.34 64.82329400462646 42 9.4
-16.34 64.82329400462646 42 9.5
-16.34 64.82329400462646 42 9.600000000000001
-16.34 64.82329400462646 42 9.700000000000001
-16.34 64.82329400462646 42 9.8
-16.34 64.82329400462646 42 9.9
-16.34 64.82329400462646 42 10.0
-16.34 64.82329400462646 42 10.100000000000001
-16.34 64.82329400462646 42 10.200000000000001
-16.34 64.82329400462646 42 10.3
-16.34 64.82329400462646 42 10.4
-16.34 64.82329400462646 42 10.5
-16.34 64.82329400462646 42 10.600000000000001
-16.34 64.82329400462646 42 10.700000000000001
-16.34 64.82329400462646 42 10.8
-16.34 64.82329400462646 42 10.9
-16.34 64.82329400462646 42 11.0
-16.34 64.82329400462646 42 11.100000000000001
-16.34 64.82329400462646 42 11.200000000000001
-16.34 64.82329400462646 42 11.3
-16.34 64.82329400462646 42 11.4
-16.34 64.82329400462646 42 11.5
-16.34 64.82329400462646 42 11.600000000000001
-16.34 64.82329400462646 42 11.700000000000001
-16.34 64.82329400462646 42 11.8
-16.34 64.82329400462646 42 11.9
-16.34 64.82329400462646 42 12.0
-16.34 64.82329400462646 42 12.100000000000001
-16.34 64.82329400462646 42 12.200000000000001
-16.34 64.82329400462646 42 12.3
-16.34 64.82329400462646 42 12.4
-16.34 64.82329400462646 42 12.5
-16.34 64.82329400462646 42 12.600000000000001
-16.34 64.82329400462646 42 12.700000000000001
-16.34 64.82329400462646 42 12.8
-16.34 64.82329400462646 42 12.9
-16.34 64.82329400462646 42 13.0
-16.34 64.82329400462646 42 13.100000000000001
-16.34 64.82329400462646 42 13.200000000000001
-16.34 64.82329400462646 42 13.3
-16.34 64.82329400462646 42 13.4
-16.34 64.82329400462646 42 13.5
-16.34 64.82329400462646 42 13.600000000000001
-16.34 64.82329400462646 42 13.700000000000001
-16.34 64.82329400462646 42 13.8
-16.34 64.82329400462646 42 13.9
-16.34 64.82329400462646 42 14.0
-16.34 64.82329400462646 42 14.100000000000001
-16.34 64.82329400462646 42 14.200000000000001
-16.34 64.82329400462646 42 14.3
-16.34 64.82329400462646 42 14.4
-16.34 64.82329400462646 42 14.5
-16.34 64.82329400462646 42 14.600000000000001
-16.34 64.82329400462646 42 14.700000000000001
-16.34 64.82329400462646 42 14.8
-16.34 64.82329400462646 42 14.9
-16.34 64.81432458039652 43 0.0
-16.34 64.81432458039652 43 0.1
-16.34 64.81432458039652 43 0.2
-16.34 64.81432458039652 43 0.30000000000000004
-16.34 64.81432458039652 43 0.4
-16.34 64.81432458039652 43 0.5
-16.34 64.81432458039652 43 0.6000000000000001
-16.34 64.81432458039652 43 0.7000000000000001
-16.34 64.81432458039652 43 0.8
-16.34 64.81432458039652 43 0.9
-16.34 64.81432458039652 43 1.0
-16.34 64.81432458039652 43 1.1
-16.34 64.81432458039652 43 1.2000000000000002
-16.34 64.81432458039652 43 1.3
-16.34 64.81432458039652 43 1.4000000000000001
-16.34 64.81432458039652 43 1.5
-16.34 64.81432458039652 43 1.6
-16.34 64.81432458039652 43 1.7000000000000002
-16.34 64.81432458039652 43 1.8
-16.34 64.81432458039652 43 1.9000000000000001
-16.34 64.81432458039652 43 2.0
-16.34 64.81432458039652 43 2.1
-16.34 64.81432458039652 43 2.2
-16.34 64.81432458039652 43 2.3000000000000003
-16.34 64.81432458039652 43 2.4000000000000004
-16.34 64.81432458039652 43 2.5
-16.34 64.81432458039652 43 2.6
-16.34 64.81432458039652 43 2.7
-16.34 64.81432458039652 43 2.8000000000000003
-16.34 64.81432458039652 43 2.9000000000000004
-16.34 64.81432458039652 43 3.0
-16.34 64.81432458039652 43 3.1
-16.34 64.81432458039652 43 3.2
-16.34 64.81432458039652 43 3.3000000000000003
-16.34 64.81432458039652 43 3.4000000000000004
-16.34 64.81432458039652 43 3.5
-16.34 64.81432458039652 43 3.6
-16.34 64.81432458039652 43 3.7
-16.34 64.81432458039652 43 3.8000000000000003
-16.34 64.81432458039652 43 3.9000000000000004
-16.34 64.81432458039652 43 4.0
-16.34 64.81432458039652 43 4.1000000000000005
-16.34 64.81432458039652 43 4.2
-16.34 64.81432458039652 43 4.3
-16.34 64.81432458039652 43 4.4
-16.34 64.81432458039652 43 4.5
-16.34 64.81432458039652 43 4.6000000000000005
-16.34 64.81432458039652 43 4.7
-16.34 64.81432458039652 43 4.800000000000001
-16.34 64.81432458039652 43 4.9
-16.34 64.81432458039652 43 5.0
-16.34 64.81432458039652 43 5.1000000000000005
-16.34 64.81432458039652 43 5.2
-16.34 64.81432458039652 43 5.300000000000001
-16.34 64.81432458039652 43 5.4
-16.34 64.81432458039652 43 5.5
-16.34 64.81432458039652 43 5.6000000000000005
-16.34 64.81432458039652 43 5.7
-16.34 64.81432458039652 43 5.800000000000001
-16.34 64.81432458039652 43 5.9
-16.34 64.81432458039652 43 6.0
-16.34 64.81432458039652 43 6.1000000000000005
-16.34 64.81432458039652 43 6.2
-16.34 64.81432458039652 43 6.300000000000001
-16.34 64.81432458039652 43 6.4
-16.34 64.81432458039652 43 6.5
-16.34 64.81432458039652 43 6.6000000000000005
-16.34 64.81432458039652 43 6.7
-16.34 64.81432458039652 43 6.800000000000001
-16.34 64.81432458039652 43 6.9
-16.34 64.81432458039652 43 7.0
-16.34 64.81432458039652 43 7.1000000000000005
-16.34 64.81432458039652 43 7.2
-16.34 64.81432458039652 43 7.300000000000001
-16.34 64.81432458039652 43 7.4
-16.34 64.81432458039652 43 7.5
-16.34 64.81432458039652 43 7.6000000000000005
-16.34 64.81432458039652 43 7.7
-16.34 64.81432458039652 43 7.800000000000001
-16.34 64.81432458039652 43 7.9
-16.34 64.81432458039652 43 8.0
-16.34 64.81432458039652 43 8.1
-16.34 64.81432458039652 43 8.200000000000001
-16.34 64.81432458039652 43 8.3
-16.34 64.81432458039652 43 8.4
-16.34 64.81432458039652 43 8.5
-16.34 64.81432458039652 43 8.6
-16.34 64.81432458039652 43 8.700000000000001
-16.34 64.81432458039652 43 8.8
-16.34 64.81432458039652 43 8.9
-16.34 64.81432458039652 43 9.0
-16.34 64.81432458039652 43 9.1
-16.34 64.81432458039652 43 9.200000000000001
-16.34 64.81432458039652 43 9.3
-16.34 64.81432458039652 43 9.4
-16.34 64.81432458039652 43 9.5
-16.34 64.81432458039652 43 9.600000000000001
-16.34 64.81432458039652 43 9.700000000000001
-16.34 64.81432458039652 43 9.8
-16.34 64.81432458039652 43 9.9
-16.34 64.81432458039652 43 10.0
-16.34 64.81432458039652 43 10.100000000000001
-16.34 64.81432458039652 43 10.200000000000001
-16.34 64.81432458039652 43 10.3
-16.34 64.81432458039652 43 10.4
-16.34 64.81432458039652 43 10.5
-16.34 64.81432458039652 43 10.600000000000001
-16.34 64.81432458039652 43 10.700000000000001
-16.34 64.81432458039652 43 10.8
-16.34 64.81432458039652 43 10.9
-16.34 64.81432458039652 43 11.0
-16.34 64.81432458039652 43 11.100000000000001
-16.34 64.81432458039652 43 11.200000000000001
-16.34 64.81432458039652 43 11.3
-16.34 64.81432458039652 43 11.4
-16.34 64.81432458039652 43 11.5
-16.34 64.81432458039652 43 11.600000000000001
-16.34 64.81432458039652 43 11.700000000000001
-16.34 64.81432458039652 43 11.8
-16.34 64.81432458039652 43 11.9
-16.34 64.81432458039652 43 12.0
-16.34 64.81432458039652 43 12.100000000000001
-16.34 64.81432458039652 43 12.200000000000001
-16.34 64.81432458039652 43 12.3
-16.34 64.81432458039652 43 12.4
-16.34 64.81432458039652 43 12.5
-16.34 64.81432458039652 43 12.600000000000001
-16.34 64.81432458039652 43 12.700000000000001
-16.34 64.81432458039652 43 12.8
-16.34 64.81432458039652 43 12.9
-16.34 64.81432458039652 43 13.0
-16.34 64.81432458039652 43 13.100000000000001
-16.34 64.81432458039652 43 13.200000000000001
-16.34 64.81432458039652 43 13.3
-16.34 64.81432458039652 43 13.4
-16.34 64.81432458039652 43 13.5
-16.34 64.81432458039652 43 13.600000000000001
-16.34 64.81432458039652 43 13.700000000000001
-16.34 64.81432458039652 43 13.8
-16.34 64.81432458039652 43 13.9
-16.34 64.81432458039652 43 14.0
-16.34 64.81432458039652 43 14.100000000000001
-16.34 64.81432458039652 43 14.200000000000001
-16.34 64.81432458039652 43 14.3
-16.34 64.81432458039652 43 14.4
-16.34 64.81432458039652 43 14.5
-16.34 64.81432458039652 43 14.600000000000001
-16.34 64.81432458039652 43 14.700000000000001
-16.34 64.81432458039652 43 14.8
-16.34 64.81432458039652 43 14.9
-16.34 64.8 44 0.0
-16.34 64.8 44 0.1
-16.34 64.8 44 0.2
-16.34 64.8 44 0.30000000000000004
-16.34 64.8 44 0.4
-16.34 64.8 44 0.5
-16.34 64.8 44 0.6000000000000001
-16.34 64.8 44 0.7000000000000001
-16.34 64.8 44 0.8
-16.34 64.8 44 0.9
-16.34 64.8 44 1.0
-16.34 64.8 44 1.1
-16.34 64.8 44 1.2000000000000002
-16.34 64.8 44 1.3
-16.34 64.8 44 1.4000000000000001
-16.34 64.8 44 1.5
-16.34 64.8 44 1.6
-16.34 64.8 44 1.7000000000000002
-16.34 64.8 44 1.8
-16.34 64.8 44 1.9000000000000001
-16.34 64.8 44 2.0
-16.34 64.8 44 2.1
-16.34 64.8 44 2.2
-16.34 64.8 44 2.3000000000000003
-16.34 64.8 44 2.4000000000000004
-16.34 64.8 44 2.5
-16.34 64.8 44 2.6
-16.34 64.8 44 2.7
-16.34 64.8 44 2.8000000000000003
-16.34 64.8 44 2.9000000000000004
-16.34 64.8 44 3.0
-16.34 64.8 44 3.1
-16.34 64.8 44 3.2
-16.34 64.8 44 3.3000000000000003
-16.34 64.8 44 3.4000000000000004
-16.34 64.8 44 3.5
-16.34 64.8 44 3.6
-16.34 64.8 44 3.7
-16.34 64.8 44 3.8000000000000003
-16.34 64.8 44 3.9000000000000004
-16.34 64.8 44 4.0
-16.34 64.8 44 4.1000000000000005
-16.34 64.8 44 4.2
-16.34 64.8 44 4.3
-16.34 64.8 44 4.4
-16.34 64.8 44 4.5
-16.34 64.8 44 4.6000000000000005
-16.34 64.8 44 4.7
-16.34 64.8 44 4.800000000000001
-16.34 64.8 44 4.9
-16.34 64.8 44 5.0
-16.34 64.8 44 5.1000000000000005
-16.34 64.8 44 5.2
-16.34 64.8 44 5.300000000000001
-16.34 64.8 44 5.4
-16.34 64.8 44 5.5
-16.34 64.8 44 5.6000000000000005
-16.34 64.8 44 5.7
-16.34 64.8 44 5.800000000000001
-16.34 64.8 44 5.9
-16.34 64.8 44 6.0
-16.34 64.8 44 6.1000000000000005
-16.34 64.8 44 6.2
-16.34 64.8 44 6.300000000000001
-16.34 64.8 44 6.4
-16.34 64.8 44 6.5
-16.34 64.8 44 6.6000000000000005
-16.34 64.8 44 6.7
-16.34 64.8 44 6.800000000000001
-16.34 64.8 44 6.9
-16.34 64.8 44 7.0
-16.34 64.8 44 7.1000000000000005
-16.34 64.8 44 7.2
-16.34 64.8 44 7.300000000000001
-16.34 64.8 44 7.4
-16.34 64.8 44 7.5
-16.34 64.8 44 7.6000000000000005
-16.34 64.8 44 7.7
-16.34 64.8 44 7.800000000000001
-16.34 64.8 44 7.9
-16.34 64.8 44 8.0
-16.34 64.8 44 8.1
-16.34 64.8 44 8.200000000000001
-16.34 64.8 44 8.3
-16.34 64.8 44 8.4
-16.34 64.8 44 8.5
-16.34 64.8 44 8.6
-16.34 64.8 44 8.700000000000001
-16.34 64.8 44 8.8
-16.34 64.8 44 8.9
-16.34 64.8 44 9.0
-16.34 64.8 44 9.1
-16.34 64.8 44 9.200000000000001
-16.34 64.8 44 9.3
-16.34 64.8 44 9.4
-16.34 64.8 44 9.5
-16.34 64.8 44 9.600000000000001
-16.34 64.8 44 9.700000000000001
-16.34 64.8 44 9.8
-16.34 64.8 44 9.9
-16.34 64.8 44 10.0
-16.34 64.8 44 10.100000000000001
-16.34 64.8 44 10.200000000000001
-16.34 64.8 44 10.3
-16.34 64.8 44 10.4
-16.34 64.8 44 10.5
-16.34 64.8 44 10.600000000000001
-16.34 64.8 44 10.700000000000001
-16.34 64.8 44 10.8
-16.34 64.8 44 10.9
-16.34 64.8 44 11.0
-16.34 64.8 44 11.100000000000001
-16.34 64.8 44 11.200000000000001
-16.34 64.8 44 11.3
-16.34 64.8 44 11.4
-16.34 64.8 44 11.5
-16.34 64.8 44 11.600000000000001
-16.34 64.8 44 11.700000000000001
-16.34 64.8 44 11.8
-16.34 64.8 44 11.9
-16.34 64.8 44 12.0
-16.34 64.8 44 12.100000000000001
-16.34 64.8 44 12.200000000000001
-16.34 64.8 44 12.3
-16.34 64.8 44 12.4
-16.34 64.8 44 12.5
-16.34 64.8 44 12.600000000000001
-16.34 64.8 44 12.700000000000001
-16.34 64.8 44 12.8
-16.34 64.8 44 12.9
-16.34 64.8 44 13.0
-16.34 64.8 44 13.100000000000001
-16.34 64.8 44 13.200000000000001
-16.34 64.8 44 13.3
-16.34 64.8 44 13.4
-16.34 64.8 44 13.5
-16.34 64.8 44 13.600000000000001
-16.34 64.8 44 13.700000000000001
-16.34 64.8 44 13.8
-16.34 64.8 44 13.9
-16.34 64.8 44 14.0
-16.34 64.8 44 14.100000000000001
-16.34 64.8 44 14.200000000000001
-16.34 64.8 44 14.3
-16.34 64.8 44 14.4
-16.34 64.8 44 14.5
-16.34 64.8 44 14.600000000000001
-16.34 64.8 44 14.700000000000001
-16.34 64.8 44 14.8
-16.34 64.8 44 14.9
