-16.14 65.2 0 20.8 0.07913844505925682
-16.14 65.1910310317964 1 12.0 0.08331871093178342
-16.14 65.18206205279402 2 12.0 0.08885388515066951
-16.14 65.17309306298999 3 20.8 0.08808225341535632
-16.14 65.16412406238142 4 20.900000000000002 0.08152202830964482
-16.14 65.1551550509654 5 21.200000000000003 0.0636747077076986
-16.14 65.14618602873907 6 21.3 0.09888836208997963
-16.14 65.1372169956995 7 21.5 0.10348648667193568
-16.14 65.12824795184385 8 21.5 0.10461223805045408
-16.14 65.11927889716921 9 21.5 0.10138143620973576
-16.14 65.1103098316727 10 21.6 0.10385748276361007
-16.14 65.10134075535142 11 21.400000000000002 0.10507006280208676
-16.14 65.0923716682025 12 21.1 0.0944325143104927
-16.14 65.08340257022309 13 21.1 0.08485910222914951
-16.14 65.07443346141025 14 21.3 0.09394999273502257
-16.14 65.06546434176113 15 21.5 0.09247727582431052
-16.14 65.05649521127286 16 21.1 0.08976972177755181
-16.14 65.04752606994253 17 21.400000000000002 0.08771944492087676
-16.14 65.03855691776731 18 5.6000000000000005 0.10337069876292786
-16.14 65.0295877547443 19 21.700000000000003 0.09121389836095538
-16.14 65.0206185808706 20 21.8 0.08900874338455515
-16.14 65.01164939614338 21 21.400000000000002 0.09766335735896779
-16.14 65.00268020055975 22 20.8 0.09689437174591713
-16.14 64.99371099411684 23 20.900000000000002 0.0995630504863717
-16.14 64.98474177681177 24 43.300000000000004 0.10475356260470214
-16.14 64.97577254864169 25 43.300000000000004 0.10937556605958837
-16.14 64.9668033096037 26 21.3 0.09498697227734908
-16.14 64.95783405969496 27 21.3 0.09502964820676206
-16.14 64.94886479891261 28 21.3 0.09183276142574179
-16.14 64.93989552725375 29 21.3 0.093456753069784
-16.14 64.93092624471555 30 21.400000000000002 0.08560153718722305
-16.14 64.92195695129513 31 34.5 0.07674675580007975
-16.14 64.91298764698962 32 34.4 0.07687937296706887
-16.14 64.90401833179618 33 35.2 0.10660090518565456
-16.14 64.89504900571195 34 35.2 0.10595402460792362
-16.14 64.88607966873406 35 15.200000000000001 0.04810529365035737
-16.14 64.87711032085966 36 21.200000000000003 0.06957278556155007
-16.14 64.86814096208587 37 21.200000000000003 0.09023188143446836
-16.14 64.85917159240987 38 21.0 0.11148400282645929
-16.14 64.85020221182876 39 21.0 0.11465426442767826
-16.14 64.84123282033974 40 21.0 0.13392423553481647
-16.14 64.83226341793991 41 20.900000000000002 0.12457725324453414
-16.14 64.82329400462646 42 21.0 0.11443086760481178
-16.14 64.81432458039652 43 20.900000000000002 0.10837348238968736
-16.14 64.8 44 20.8 0.1638028188504351
