-16.34 65.2 0 22.400000000000002 0.08304994206881702
-16.34 65.1910310317964 1 4.3 0.08872799437651435
-16.34 65.18206205279402 2 22.1 0.08774101098746494
-16.34 65.17309306298999 3 4.2 0.06934872458879807
-16.34 65.16412406238142 4 4.3 0.06803146471304083
-16.34 65.1551550509654 5 4.2 0.05718804247049441
-16.34 65.14618602873907 6 4.3 0.07454097941291514
-16.34 65.1372169956995 7 41.1 0.08158560699080081
-16.34 65.12824795184385 8 41.1 0.08383696450917813
-16.34 65.11927889716921 9 41.5 0.0726235479098123
-16.34 65.1103098316727 10 41.5 0.062375120544241915
-16.34 65.10134075535142 11 21.400000000000002 0.04689477075991276
-16.34 65.0923716682025 12 21.3 0.05964196799437026
-16.34 65.08340257022309 13 21.5 0.05253116167057954
-16.34 65.07443346141025 14 21.6 0.0583098416395606
-16.34 65.06546434176113 15 44.900000000000006 0.07702980087594496
-16.34 65.05649521127286 16 43.2 0.09524941734580751
-16.34 65.04752606994253 17 43.6 0.11708707698811999
-16.34 65.03855691776731 18 43.6 0.13850444158157954
-16.34 65.0295877547443 19 43.6 0.14951050965451973
-16.34 65.0206185808706 20 43.6 0.15064272597576556
-16.34 65.01164939614338 21 44.300000000000004 0.13631582798547218
-16.34 65.00268020055975 22 44.1 0.12245033593075448
-16.34 64.99371099411684 23 43.6 0.10105714829084533
-16.34 64.98474177681177 24 43.1 0.07399584330751197
-16.34 64.97577254864169 25 11.700000000000001 0.06239469441605628
-16.34 64.9668033096037 26 11.4 0.06747232269222132
-16.34 64.95783405969496 27 11.3 0.056501881082056345
-16.34 64.94886479891261 28 11.600000000000001 0.0530914961714151
-16.34 64.93989552725375 29 11.9 0.05278607793675528
-16.34 64.93092624471555 30 11.9 0.04913261735833885
-16.34 64.92195695129513 31 35.0 0.07394127273042149
-16.34 64.91298764698962 32 28.1 0.06464943069885769
-16.34 64.90401833179618 33 20.700000000000003 0.04540979496153528
-16.34 64.89504900571195 34 20.6 0.056509590204230756
-16.34 64.88607966873406 35 20.5 0.05498113420426308
-16.34 64.87711032085966 36 18.7 0.0493675518998198
-16.34 64.86814096208587 37 28.1 0.04817400955247175
-16.34 64.85917159240987 38 4.9 0.05026802875873045
-16.34 64.85020221182876 39 18.6 0.07460652065737024
-16.34 64.84123282033974 40 17.400000000000002 0.06060666403477023
-16.34 64.83226341793991 41 5.300000000000001 0.07040207697228602
-16.34 64.82329400462646 42 5.9 0.11432508124866753
-16.34 64.81432458039652 43 5.9 0.10000726200630303
-16.34 64.8 44 6.2 0.09596634185490834
