-17.14 65.025 0 8.8 -0.2515204155877672
-17.11878334714866 65.02506944613634 1 8.8 -0.23715610058693024
-17.0763497225288 65.02519930644706 3 10.700000000000001 -0.09451021229762085
-16.949046641546268 65.02551663009247 9 12.0 -0.08466500462066569
-16.92782918971182 65.02555897964221 10 12.0 -0.09129323721224078
-16.885394096214934 65.02563464625894 12 8.8 -0.11961836618035765
-16.864176464115797 65.02566796329857 13 8.700000000000001 -0.10629953851585952
-16.694433990112458 65.02582610779253 21 4.9 -0.17505157817985234
-16.673216075441253 65.02583232676925 22 4.9 -0.21970223324005558
-16.651998153283657 65.02583553482434 23 4.7 -0.2836617166669614
-16.630780228421862 65.02583573195665 24 4.6000000000000005 -0.23830792107087895
-16.60956230563806 65.0258329181661 25 4.6000000000000005 -0.1973401149171032
-16.58834438971445 65.02582709345373 26 4.6000000000000005 -0.17448431476936882
-16.418601883148984 65.02567210304969 34 4.9 -0.1252678061690921
-16.185211650662474 65.02514435808027 45 10.700000000000001 -0.1782544217628253
