-16.94 65.2 0 26.3 -0.09677929525447869
-16.94 65.2 0 30.8 -0.06286811161970296
-16.94 65.2 0 38.800000000000004 -0.10726872211679238
-16.94 65.1910310317964 1 8.9 -0.06431355625462458
-16.94 65.1910310317964 1 26.200000000000003 -0.09455416064685283
-16.94 65.1910310317964 1 31.0 -0.06535138265858358
-16.94 65.1910310317964 1 38.900000000000006 -0.09389799336205
-16.94 65.18206205279402 2 9.1 -0.08506950992883738
-16.94 65.18206205279402 2 26.200000000000003 -0.09585098564764954
-16.94 65.18206205279402 2 30.900000000000002 -0.05761186623749125
-16.94 65.18206205279402 2 39.300000000000004 -0.07195426963737403
-16.94 65.17309306298999 3 9.4 -0.10667500464135073
-16.94 65.17309306298999 3 26.200000000000003 -0.10415463646424926
-16.94 65.17309306298999 3 30.400000000000002 -0.053451114386402945
-16.94 65.16412406238142 4 9.600000000000001 -0.12659157035573992
-16.94 65.16412406238142 4 26.200000000000003 -0.10119839949727225
-16.94 65.1551550509654 5 9.9 -0.13718823992049015
-16.94 65.1551550509654 5 26.5 -0.08645850439797671
-16.94 65.14618602873907 6 9.9 -0.14007562487780534
-16.94 65.14618602873907 6 26.5 -0.0767601420838365
-16.94 65.1372169956995 7 9.700000000000001 -0.13545710508719194
-16.94 65.1372169956995 7 26.6 -0.06518873108989486
-16.94 65.12824795184385 8 10.0 -0.10723496138304417
-16.94 65.12824795184385 8 26.8 -0.05478257143321694
-16.94 65.11927889716921 9 10.0 -0.10099372590462109
-16.94 65.11927889716921 9 27.1 -0.040702035512507576
-16.94 65.1103098316727 10 10.0 -0.0996909853588169
-16.94 65.10134075535142 11 10.0 -0.09135859012215289
-16.94 65.0923716682025 12 9.9 -0.07119530186889819
-16.94 65.08340257022309 13 9.5 -0.07937999533325428
-16.94 65.07443346141025 14 9.200000000000001 -0.08099079581500795
-16.94 65.06546434176113 15 9.1 -0.07426092916107149
-16.94 65.05649521127286 16 9.3 -0.06803151069005625
-16.94 65.04752606994253 17 10.0 -0.057296372967899224
-16.94 65.03855691776731 18 11.0 -0.06251979930088382
-16.94 65.0206185808706 20 12.100000000000001 -0.06795809060790038
-16.94 65.01164939614338 21 12.200000000000001 -0.07696464687672636
-16.94 65.00268020055975 22 12.100000000000001 -0.09312050411342646
-16.94 64.99371099411684 23 12.100000000000001 -0.08833868597770819
-16.94 64.98474177681177 24 11.9 -0.07597904085313019
-16.94 64.98474177681177 24 17.900000000000002 -0.0722619500054215
-16.94 64.97577254864169 25 11.700000000000001 -0.062021897476586235
-16.94 64.97577254864169 25 18.1 -0.07540612781755185
-16.94 64.97577254864169 25 49.0 -0.10271876779838611
-16.94 64.9668033096037 26 18.3 -0.08105391864795942
-16.94 64.9668033096037 26 49.1 -0.12416764227171484
-16.94 64.95783405969496 27 18.3 -0.08344392906051983
-16.94 64.95783405969496 27 49.2 -0.11738066688280724
-16.94 64.94886479891261 28 38.6 -0.0661233380157251
-16.94 64.94886479891261 28 49.1 -0.10539707446469887
-16.94 64.93989552725375 29 38.7 -0.05914633943796004
-16.94 64.93989552725375 29 49.1 -0.10480839195627104
-16.94 64.93092624471555 30 49.0 -0.09999858710513555
-16.94 64.92195695129513 31 48.900000000000006 -0.09776747068663758
-16.94 64.89504900571195 34 38.1 -0.06560464457628727
-16.94 64.89504900571195 34 49.1 -0.09934602819022514
-16.94 64.88607966873406 35 38.5 -0.07920227981303646
-16.94 64.88607966873406 35 49.1 -0.10978644068217552
-16.94 64.87711032085966 36 16.8 -0.10153139078573345
-16.94 64.87711032085966 36 38.6 -0.08255500621490568
-16.94 64.87711032085966 36 49.1 -0.10684829148642445
-16.94 64.86814096208587 37 38.7 -0.07743244776342419
-16.94 64.86814096208587 37 49.0 -0.10068484979556692
-16.94 64.84123282033974 40 12.700000000000001 -0.13747478979813044
-16.94 64.83226341793991 41 12.600000000000001 -0.16656876604483667
-16.94 64.82329400462646 42 12.600000000000001 -0.19830643231715198
-16.94 64.82329400462646 42 14.0 -0.18310582182693091
-16.94 64.81432458039652 43 13.600000000000001 -0.24271023129395158
-16.94 64.8 44 14.100000000000001 -0.2670325529869301
-16.94 64.8 44 44.0 -0.13324211835454425
