-17.14 64.875 0 13.700000000000001 0.2525095553422254
-17.11890171738847 64.87506937101595 1 3.2 0.24880758374505912
-17.097803328312793 64.87513575178286 2 3.2 0.175947622956424
-17.076704837462415 64.87519914227707 3 3.2 0.1710193887290208
-17.05560624952694 64.87525954247596 4 3.2 0.17102797437573383
-17.034507569196098 64.87531695235795 5 3.3000000000000003 0.16517706992060938
-17.013408801159756 64.87537137190259 6 3.3000000000000003 0.19242008410166075
-16.992309950107906 64.87542280109047 7 3.3000000000000003 0.19869256849420314
-16.971211020730664 64.87547123990322 8 3.3000000000000003 0.19681666711818133
-16.95011201771825 64.8755166883236 9 3.4000000000000004 0.18355832268699168
-16.929012945761 64.87555914633536 10 3.4000000000000004 0.3080710108200406
-16.907913809549335 64.87559861392336 11 3.4000000000000004 0.2694281354875316
-16.886814613773776 64.87563509107353 12 6.800000000000001 0.20944680114111378
-16.865715363124927 64.87566857777287 13 6.800000000000001 0.2242474506033172
-16.84461606229348 64.8756990740094 14 6.800000000000001 0.23210926359758932
-16.823516715970182 64.87572657977226 15 6.800000000000001 0.29899415778902505
-16.80241732884586 64.87575109505164 16 6.800000000000001 0.22136006791101764
-16.781317905611388 64.87577261983878 17 6.800000000000001 0.20744785730513343
-16.760218450957698 64.875791154126 18 6.800000000000001 0.19460208476211666
-16.73911896957577 64.87580669790673 19 3.4000000000000004 0.37331677616756365
-16.718019466156615 64.87581925117537 20 3.4000000000000004 0.39696227268939605
-16.69691994539128 64.87582881392747 21 5.9 0.1362140497302136
-16.675820411970836 64.87583538615961 22 5.9 0.29114289321708353
-16.65472087058637 64.87583896786944 23 6.1000000000000005 0.3188616266771101
-16.633621325928985 64.87583955905569 24 6.300000000000001 0.16827929226073052
-16.612521782689786 64.87583715971817 25 14.700000000000001 0.07931778694873547
-16.59142224555987 64.87583176985768 26 5.6000000000000005 0.17751983846660868
-16.570322719230337 64.87582338947621 27 5.6000000000000005 0.2885477984576651
-16.549223208392267 64.87581201857671 28 3.4000000000000004 0.2887474996995353
-16.528123717736708 64.87579765716323 29 5.5 0.24893229899144748
-16.507024251954697 64.87578030524092 30 5.5 0.2214667867815221
-16.48592481573722 64.87575996281595 31 5.6000000000000005 0.204654610559142
-16.46482541377523 64.87573662989558 32 5.6000000000000005 0.19922713045287155
-16.443726050759626 64.87571030648816 33 5.6000000000000005 0.19818011301779767
-16.422626731381254 64.87568099260305 34 5.6000000000000005 0.21895117861974892
-16.401527460330893 64.87564868825072 35 5.6000000000000005 0.21213918837729165
-16.38042824229926 64.87561339344268 36 9.4 0.22815129714683552
-16.359329081976988 64.87557510819154 37 9.4 0.295267000004426
-16.338229984054635 64.87553383251097 38 9.3 0.6016705935671864
-16.31713095322267 64.87548956641564 39 9.3 0.6016705935671864
-16.296031994171454 64.87544230992141 40 9.4 0.659984698493306
-16.274933111591256 64.8753920630451 41 9.4 0.6658202266364481
-16.253834310172238 64.87533882580463 42 9.5 0.28094158961669263
-16.23273559460443 64.875282598219 43 9.600000000000001 0.2732682285111805
-16.211636969577764 64.87522338030828 44 6.7 0.2407377818585866
-16.190538439782017 64.8751611720936 45 7.0 0.10011158851210022
-16.169440009906843 64.87509597359711 46 14.5 0.36180489151764716
-16.14 64.875 47 14.5 0.34834387943589656
