-17.14 64.95 0 11.700000000000001 0.05684409258745625
-17.118842716238365 64.95006940865085 1 7.2 0.0877456817642616
-17.0976853252982 64.95013581688275 2 6.5 1.0954068342946324
-17.07652783191421 64.9501992246719 3 6.5 0.972349569716173
-17.055370240821244 64.95025963199552 4 6.4 0.8483365728526833
-17.034212556754294 64.95031703883193 5 6.4 0.4343069757082555
-17.01305478444848 64.9503714451605 6 3.6 0.34018953347193537
-16.991896928639058 64.95042285096171 7 3.4000000000000004 0.313780312079578
-16.9707389940614 64.95047125621711 8 6.4 0.22235731563647276
-16.949580985450986 64.95051666090933 9 6.1000000000000005 0.12306257438711982
-16.928422907543414 64.95055906502205 10 6.2 0.13150628727050245
-16.907264765074373 64.95059846854005 11 6.1000000000000005 0.11767118189797024
-16.886106562779645 64.9506348714492 12 6.0 0.10430875149606916
-16.864948305395107 64.95066827373641 13 9.600000000000001 0.16784452602974942
-16.843789997656707 64.95069867538969 14 9.600000000000001 0.1704133628777294
-16.822631644300465 64.95072607639813 15 9.600000000000001 0.1610842169602429
-16.801473250062475 64.9507504767519 16 9.1 0.14221790970916898
-16.780314819678882 64.95077187644223 17 9.600000000000001 0.13406979860439516
-16.75915635788588 64.95079027546144 18 3.4000000000000004 0.13346189851328474
-16.73799786941973 64.95080567380293 19 3.4000000000000004 0.14289259149563172
-16.716839359016696 64.95081807146116 20 3.2 0.1602815398171229
-16.695680831413107 64.95082746843167 21 3.2 0.19795078538538088
-16.674522291345294 64.95083386471111 22 3.1 0.20001596706391303
-16.653363743549622 64.95083726029718 23 3.1 0.22229037724864742
-16.632205192762456 64.95083765518865 24 3.1 0.22919946342225622
-16.611046643720172 64.95083504938538 25 3.2 0.28374010400368965
-16.589888101159136 64.95082944288829 26 6.5 0.3045332914819435
-16.568729569815712 64.95082083569943 27 6.4 0.2849324732014295
-16.547571054426246 64.95080922782188 28 6.300000000000001 0.268516457327218
-16.52641255972706 64.95079461925978 29 6.300000000000001 0.17469978563936633
-16.505254090454443 64.9507770100184 30 4.0 0.1533183335640791
-16.484095651344656 64.95075640010405 31 4.1000000000000005 0.3695176288002554
-16.462937247133908 64.95073278952415 32 4.2 0.2944095175505239
-16.441778882558364 64.95070617828715 33 4.2 0.2977302811658373
-16.420620562354127 64.95067656640262 34 4.2 0.29418012226311807
-16.399462291257237 64.9506439538812 35 4.2 0.2839493000072874
-16.378304074003662 64.95060834073458 36 4.2 0.2896139582602142
-16.3571459153293 64.95056972697554 37 4.2 0.2930184459712817
-16.335987819969958 64.95052811261796 38 4.2 0.3011324848702352
-16.31482979266135 64.95048349767679 39 4.3 0.2890849607550028
-16.293671838139097 64.95043588216802 40 4.5 0.26706897528401397
-16.272513961138714 64.95038526610875 41 4.5 0.27307620550611666
-16.251356166395603 64.9503316495172 42 4.7 0.3058367093606044
-16.230198458645045 64.95027503241255 43 4.7 0.2552816128008789
-16.2090408426222 64.95021541481515 44 6.800000000000001 0.11288908972276836
-16.187883323062096 64.95015279674642 45 9.9 0.10435937618485804
-16.16672590469962 64.95008717822881 46 9.9 0.10375897470083975
-16.14 64.95 47 14.3 0.2988440823669994
