-17.14 64.875 0 0.0
-17.14 64.875 0 0.1
-17.14 64.875 0 0.2
-17.14 64.875 0 0.30000000000000004
-17.14 64.875 0 0.4
-17.14 64.875 0 0.5
-17.14 64.875 0 0.6000000000000001
-17.14 64.875 0 0.7000000000000001
-17.14 64.875 0 0.8
-17.14 64.875 0 0.9
-17.14 64.875 0 1.0
-17.14 64.875 0 1.1
-17.14 64.875 0 1.2000000000000002
-17.14 64.875 0 1.3
-17.14 64.875 0 1.4000000000000001
-17.14 64.875 0 1.5
-17.14 64.875 0 1.6
-17.14 64.875 0 1.7000000000000002
-17.14 64.875 0 1.8
-17.14 64.875 0 1.9000000000000001
-17.14 64.875 0 2.0
-17.14 64.875 0 2.1
-17.14 64.875 0 2.2
-17.14 64.875 0 2.3000000000000003
-17.14 64.875 0 2.4000000000000004
-17.14 64.875 0 2.5
-17.14 64.875 0 2.6
-17.14 64.875 0 2.7
-17.14 64.875 0 2.8000000000000003
-17.14 64.875 0 2.9000000000000004
-17.11890171738847 64.87506937101595 1 0.0
-17.11890171738847 64.87506937101595 1 0.1
-17.11890171738847 64.87506937101595 1 0.2
-17.11890171738847 64.87506937101595 1 0.30000000000000004
-17.11890171738847 64.87506937101595 1 0.4
-17.11890171738847 64.87506937101595 1 0.5
-17.11890171738847 64.87506937101595 1 0.6000000000000001
-17.11890171738847 64.87506937101595 1 0.7000000000000001
-17.11890171738847 64.87506937101595 1 0.8
-17.11890171738847 64.87506937101595 1 0.9
-17.11890171738847 64.87506937101595 1 1.0
-17.11890171738847 64.87506937101595 1 1.1
-17.11890171738847 64.87506937101595 1 1.2000000000000002
-17.11890171738847 64.87506937101595 1 1.3
-17.11890171738847 64.87506937101595 1 1.4000000000000001
-17.11890171738847 64.87506937101595 1 1.5
-17.11890171738847 64.87506937101595 1 1.6
-17.11890171738847 64.87506937101595 1 1.7000000000000002
-17.097803328312793 64.87513575178286 2 0.0
-17.097803328312793 64.87513575178286 2 0.1
-17.097803328312793 64.87513575178286 2 0.2
-17.097803328312793 64.87513575178286 2 0.30000000000000004
-17.097803328312793 64.87513575178286 2 0.4
-17.097803328312793 64.87513575178286 2 0.5
-17.097803328312793 64.87513575178286 2 0.6000000000000001
-17.097803328312793 64.87513575178286 2 0.7000000000000001
-17.097803328312793 64.87513575178286 2 0.8
-17.097803328312793 64.87513575178286 2 0.9
-17.097803328312793 64.87513575178286 2 10.700000000000001
-17.097803328312793 64.87513575178286 2 10.8
-17.076704837462415 64.87519914227707 3 0.0
-17.076704837462415 64.87519914227707 3 0.1
-17.076704837462415 64.87519914227707 3 0.2
-16.971211020730664 64.87547123990322 8 0.0
-16.971211020730664 64.87547123990322 8 0.1
-16.971211020730664 64.87547123990322 8 0.2
-16.971211020730664 64.87547123990322 8 0.30000000000000004
-16.971211020730664 64.87547123990322 8 0.4
-16.971211020730664 64.87547123990322 8 0.5
-16.95011201771825 64.8755166883236 9 0.0
-16.95011201771825 64.8755166883236 9 0.1
-16.95011201771825 64.8755166883236 9 0.2
-16.95011201771825 64.8755166883236 9 0.30000000000000004
-16.95011201771825 64.8755166883236 9 0.4
-16.95011201771825 64.8755166883236 9 0.5
-16.95011201771825 64.8755166883236 9 0.6000000000000001
-16.95011201771825 64.8755166883236 9 0.7000000000000001
-16.95011201771825 64.8755166883236 9 0.8
-16.95011201771825 64.8755166883236 9 0.9
-16.95011201771825 64.8755166883236 9 1.0
-16.95011201771825 64.8755166883236 9 1.1
-16.95011201771825 64.8755166883236 9 1.2000000000000002
-16.929012945761 64.87555914633536 10 0.0
-16.929012945761 64.87555914633536 10 0.1
-16.929012945761 64.87555914633536 10 0.2
-16.929012945761 64.87555914633536 10 0.30000000000000004
-16.929012945761 64.87555914633536 10 0.4
-16.929012945761 64.87555914633536 10 0.5
-16.929012945761 64.87555914633536 10 0.6000000000000001
-16.929012945761 64.87555914633536 10 0.7000000000000001
-16.929012945761 64.87555914633536 10 0.8
-16.929012945761 64.87555914633536 10 0.9
-16.929012945761 64.87555914633536 10 1.0
-16.929012945761 64.87555914633536 10 1.1
-16.929012945761 64.87555914633536 10 1.2000000000000002
-16.929012945761 64.87555914633536 10 1.3
-16.929012945761 64.87555914633536 10 1.4000000000000001
-16.929012945761 64.87555914633536 10 1.5
-16.929012945761 64.87555914633536 10 1.6
-16.929012945761 64.87555914633536 10 1.7000000000000002
-16.929012945761 64.87555914633536 10 1.8
-16.929012945761 64.87555914633536 10 1.9000000000000001
-16.907913809549335 64.87559861392336 11 0.0
-16.907913809549335 64.87559861392336 11 0.1
-16.907913809549335 64.87559861392336 11 0.2
-16.907913809549335 64.87559861392336 11 0.30000000000000004
-16.907913809549335 64.87559861392336 11 0.4
-16.907913809549335 64.87559861392336 11 0.5
-16.907913809549335 64.87559861392336 11 0.6000000000000001
-16.907913809549335 64.87559861392336 11 0.7000000000000001
-16.907913809549335 64.87559861392336 11 0.8
-16.907913809549335 64.87559861392336 11 0.9
-16.907913809549335 64.87559861392336 11 1.0
-16.907913809549335 64.87559861392336 11 1.1
-16.907913809549335 64.87559861392336 11 1.2000000000000002
-16.907913809549335 64.87559861392336 11 1.3
-16.907913809549335 64.87559861392336 11 1.4000000000000001
-16.907913809549335 64.87559861392336 11 1.5
-16.907913809549335 64.87559861392336 11 1.6
-16.907913809549335 64.87559861392336 11 1.7000000000000002
-16.907913809549335 64.87559861392336 11 1.8
-16.907913809549335 64.87559861392336 11 1.9000000000000001
-16.907913809549335 64.87559861392336 11 2.0
-16.907913809549335 64.87559861392336 11 2.1
-16.907913809549335 64.87559861392336 11 2.2
-16.907913809549335 64.87559861392336 11 2.3000000000000003
-16.907913809549335 64.87559861392336 11 2.4000000000000004
-16.907913809549335 64.87559861392336 11 2.5
-16.907913809549335 64.87559861392336 11 2.6
-16.907913809549335 64.87559861392336 11 2.7
-16.886814613773776 64.87563509107353 12 0.0
-16.886814613773776 64.87563509107353 12 0.1
-16.886814613773776 64.87563509107353 12 0.2
-16.886814613773776 64.87563509107353 12 0.30000000000000004
-16.886814613773776 64.87563509107353 12 0.4
-16.886814613773776 64.87563509107353 12 0.5
-16.886814613773776 64.87563509107353 12 0.6000000000000001
-16.886814613773776 64.87563509107353 12 0.7000000000000001
-16.886814613773776 64.87563509107353 12 0.8
-16.886814613773776 64.87563509107353 12 0.9
-16.886814613773776 64.87563509107353 12 1.0
-16.886814613773776 64.87563509107353 12 1.1
-16.886814613773776 64.87563509107353 12 1.2000000000000002
-16.886814613773776 64.87563509107353 12 1.3
-16.886814613773776 64.87563509107353 12 1.4000000000000001
-16.886814613773776 64.87563509107353 12 1.5
-16.886814613773776 64.87563509107353 12 1.6
-16.886814613773776 64.87563509107353 12 1.7000000000000002
-16.886814613773776 64.87563509107353 12 1.8
-16.886814613773776 64.87563509107353 12 1.9000000000000001
-16.886814613773776 64.87563509107353 12 2.0
-16.886814613773776 64.87563509107353 12 2.1
-16.886814613773776 64.87563509107353 12 2.2
-16.886814613773776 64.87563509107353 12 2.3000000000000003
-16.886814613773776 64.87563509107353 12 2.4000000000000004
-16.886814613773776 64.87563509107353 12 2.5
-16.886814613773776 64.87563509107353 12 2.6
-16.886814613773776 64.87563509107353 12 2.7
-16.886814613773776 64.87563509107353 12 2.8000000000000003
-16.886814613773776 64.87563509107353 12 2.9000000000000004
-16.886814613773776 64.87563509107353 12 3.0
-16.886814613773776 64.87563509107353 12 3.1
-16.886814613773776 64.87563509107353 12 3.2
-16.886814613773776 64.87563509107353 12 3.3000000000000003
-16.886814613773776 64.87563509107353 12 3.4000000000000004
-16.886814613773776 64.87563509107353 12 3.5
-16.886814613773776 64.87563509107353 12 3.6
-16.865715363124927 64.87566857777287 13 0.0
-16.865715363124927 64.87566857777287 13 0.1
-16.865715363124927 64.87566857777287 13 0.2
-16.865715363124927 64.87566857777287 13 0.30000000000000004
-16.865715363124927 64.87566857777287 13 0.4
-16.865715363124927 64.87566857777287 13 0.5
-16.865715363124927 64.87566857777287 13 0.6000000000000001
-16.865715363124927 64.87566857777287 13 0.7000000000000001
-16.865715363124927 64.87566857777287 13 0.8
-16.865715363124927 64.87566857777287 13 0.9
-16.865715363124927 64.87566857777287 13 1.0
-16.865715363124927 64.87566857777287 13 1.1
-16.865715363124927 64.87566857777287 13 1.2000000000000002
-16.865715363124927 64.87566857777287 13 1.3
-16.865715363124927 64.87566857777287 13 1.4000000000000001
-16.865715363124927 64.87566857777287 13 1.5
-16.865715363124927 64.87566857777287 13 1.6
-16.865715363124927 64.87566857777287 13 1.7000000000000002
-16.865715363124927 64.87566857777287 13 1.8
-16.865715363124927 64.87566857777287 13 1.9000000000000001
-16.865715363124927 64.87566857777287 13 2.0
-16.865715363124927 64.87566857777287 13 2.1
-16.865715363124927 64.87566857777287 13 2.2
-16.865715363124927 64.87566857777287 13 2.3000000000000003
-16.865715363124927 64.87566857777287 13 2.4000000000000004
-16.84461606229348 64.8756990740094 14 0.0
-16.84461606229348 64.8756990740094 14 0.1
-16.84461606229348 64.8756990740094 14 0.2
-16.84461606229348 64.8756990740094 14 0.30000000000000004
-16.84461606229348 64.8756990740094 14 0.4
-16.84461606229348 64.8756990740094 14 0.5
-16.84461606229348 64.8756990740094 14 0.6000000000000001
-16.84461606229348 64.8756990740094 14 0.7000000000000001
-16.84461606229348 64.8756990740094 14 0.8
-16.84461606229348 64.8756990740094 14 0.9
-16.84461606229348 64.8756990740094 14 1.0
-16.84461606229348 64.8756990740094 14 1.1
-16.84461606229348 64.8756990740094 14 1.2000000000000002
-16.84461606229348 64.8756990740094 14 1.3
-16.84461606229348 64.8756990740094 14 1.4000000000000001
-16.84461606229348 64.8756990740094 14 1.5
-16.823516715970182 64.87572657977226 15 0.0
-16.823516715970182 64.87572657977226 15 0.1
-16.823516715970182 64.87572657977226 15 0.2
-16.823516715970182 64.87572657977226 15 0.30000000000000004
-16.823516715970182 64.87572657977226 15 0.4
-16.823516715970182 64.87572657977226 15 0.5
-16.823516715970182 64.87572657977226 15 0.6000000000000001
-16.823516715970182 64.87572657977226 15 0.7000000000000001
-16.823516715970182 64.87572657977226 15 0.8
-16.823516715970182 64.87572657977226 15 0.9
-16.80241732884586 64.87575109505164 16 0.0
-16.80241732884586 64.87575109505164 16 0.1
-16.80241732884586 64.87575109505164 16 0.2
-16.80241732884586 64.87575109505164 16 0.30000000000000004
-16.80241732884586 64.87575109505164 16 0.4
-16.80241732884586 64.87575109505164 16 0.5
-16.80241732884586 64.87575109505164 16 0.6000000000000001
-16.781317905611388 64.87577261983878 17 0.0
-16.781317905611388 64.87577261983878 17 0.1
-16.781317905611388 64.87577261983878 17 0.2
-16.781317905611388 64.87577261983878 17 0.30000000000000004
-16.781317905611388 64.87577261983878 17 0.4
-16.781317905611388 64.87577261983878 17 0.5
-16.781317905611388 64.87577261983878 17 0.6000000000000001
-16.760218450957698 64.875791154126 18 0.0
-16.760218450957698 64.875791154126 18 0.1
-16.760218450957698 64.875791154126 18 0.2
-16.760218450957698 64.875791154126 18 0.30000000000000004
-16.760218450957698 64.875791154126 18 0.4
-16.760218450957698 64.875791154126 18 0.5
-16.760218450957698 64.875791154126 18 0.6000000000000001
-16.760218450957698 64.875791154126 18 0.7000000000000001
-16.760218450957698 64.875791154126 18 0.8
-16.73911896957577 64.87580669790673 19 0.0
-16.73911896957577 64.87580669790673 19 0.1
-16.73911896957577 64.87580669790673 19 0.2
-16.73911896957577 64.87580669790673 19 0.30000000000000004
-16.73911896957577 64.87580669790673 19 0.4
-16.73911896957577 64.87580669790673 19 0.5
-16.73911896957577 64.87580669790673 19 0.6000000000000001
-16.73911896957577 64.87580669790673 19 0.7000000000000001
-16.73911896957577 64.87580669790673 19 0.8
-16.73911896957577 64.87580669790673 19 0.9
-16.73911896957577 64.87580669790673 19 1.0
-16.73911896957577 64.87580669790673 19 1.1
-16.73911896957577 64.87580669790673 19 1.2000000000000002
-16.73911896957577 64.87580669790673 19 1.3
-16.718019466156615 64.87581925117537 20 0.0
-16.718019466156615 64.87581925117537 20 0.1
-16.718019466156615 64.87581925117537 20 0.2
-16.718019466156615 64.87581925117537 20 0.30000000000000004
-16.718019466156615 64.87581925117537 20 0.4
-16.718019466156615 64.87581925117537 20 0.5
-16.718019466156615 64.87581925117537 20 0.6000000000000001
-16.718019466156615 64.87581925117537 20 0.7000000000000001
-16.718019466156615 64.87581925117537 20 0.8
-16.718019466156615 64.87581925117537 20 0.9
-16.718019466156615 64.87581925117537 20 1.0
-16.718019466156615 64.87581925117537 20 1.1
-16.718019466156615 64.87581925117537 20 1.2000000000000002
-16.718019466156615 64.87581925117537 20 1.3
-16.718019466156615 64.87581925117537 20 1.4000000000000001
-16.718019466156615 64.87581925117537 20 1.5
-16.718019466156615 64.87581925117537 20 1.6
-16.718019466156615 64.87581925117537 20 1.7000000000000002
-16.718019466156615 64.87581925117537 20 1.8
-16.718019466156615 64.87581925117537 20 1.9000000000000001
-16.718019466156615 64.87581925117537 20 2.0
-16.718019466156615 64.87581925117537 20 2.1
-16.718019466156615 64.87581925117537 20 2.2
-16.718019466156615 64.87581925117537 20 2.3000000000000003
-16.718019466156615 64.87581925117537 20 2.4000000000000004
-16.69691994539128 64.87582881392747 21 0.0
-16.69691994539128 64.87582881392747 21 0.1
-16.69691994539128 64.87582881392747 21 0.2
-16.69691994539128 64.87582881392747 21 0.30000000000000004
-16.69691994539128 64.87582881392747 21 0.4
-16.69691994539128 64.87582881392747 21 0.5
-16.69691994539128 64.87582881392747 21 0.6000000000000001
-16.69691994539128 64.87582881392747 21 0.7000000000000001
-16.69691994539128 64.87582881392747 21 0.8
-16.69691994539128 64.87582881392747 21 0.9
-16.69691994539128 64.87582881392747 21 1.0
-16.69691994539128 64.87582881392747 21 1.1
-16.69691994539128 64.87582881392747 21 1.2000000000000002
-16.69691994539128 64.87582881392747 21 1.3
-16.69691994539128 64.87582881392747 21 1.4000000000000001
-16.69691994539128 64.87582881392747 21 1.5
-16.69691994539128 64.87582881392747 21 1.6
-16.69691994539128 64.87582881392747 21 1.7000000000000002
-16.69691994539128 64.87582881392747 21 1.8
-16.69691994539128 64.87582881392747 21 1.9000000000000001
-16.69691994539128 64.87582881392747 21 2.0
-16.69691994539128 64.87582881392747 21 2.1
-16.69691994539128 64.87582881392747 21 2.2
-16.69691994539128 64.87582881392747 21 2.3000000000000003
-16.69691994539128 64.87582881392747 21 2.4000000000000004
-16.69691994539128 64.87582881392747 21 2.5
-16.69691994539128 64.87582881392747 21 2.6
-16.69691994539128 64.87582881392747 21 2.7
-16.69691994539128 64.87582881392747 21 2.8000000000000003
-16.69691994539128 64.87582881392747 21 2.9000000000000004
-16.69691994539128 64.87582881392747 21 3.0
-16.69691994539128 64.87582881392747 21 3.1
-16.69691994539128 64.87582881392747 21 3.2
-16.69691994539128 64.87582881392747 21 3.3000000000000003
-16.675820411970836 64.87583538615961 22 0.0
-16.675820411970836 64.87583538615961 22 0.1
-16.675820411970836 64.87583538615961 22 0.2
-16.675820411970836 64.87583538615961 22 0.30000000000000004
-16.675820411970836 64.87583538615961 22 0.4
-16.675820411970836 64.87583538615961 22 0.5
-16.675820411970836 64.87583538615961 22 0.6000000000000001
-16.675820411970836 64.87583538615961 22 0.7000000000000001
-16.675820411970836 64.87583538615961 22 0.8
-16.675820411970836 64.87583538615961 22 0.9
-16.675820411970836 64.87583538615961 22 1.0
-16.675820411970836 64.87583538615961 22 1.1
-16.675820411970836 64.87583538615961 22 1.2000000000000002
-16.675820411970836 64.87583538615961 22 1.3
-16.675820411970836 64.87583538615961 22 1.4000000000000001
-16.675820411970836 64.87583538615961 22 1.5
-16.675820411970836 64.87583538615961 22 1.6
-16.675820411970836 64.87583538615961 22 1.7000000000000002
-16.675820411970836 64.87583538615961 22 1.8
-16.675820411970836 64.87583538615961 22 1.9000000000000001
-16.675820411970836 64.87583538615961 22 2.0
-16.675820411970836 64.87583538615961 22 2.1
-16.675820411970836 64.87583538615961 22 2.2
-16.675820411970836 64.87583538615961 22 2.3000000000000003
-16.675820411970836 64.87583538615961 22 2.4000000000000004
-16.675820411970836 64.87583538615961 22 2.5
-16.675820411970836 64.87583538615961 22 2.6
-16.675820411970836 64.87583538615961 22 2.7
-16.675820411970836 64.87583538615961 22 2.8000000000000003
-16.675820411970836 64.87583538615961 22 2.9000000000000004
-16.675820411970836 64.87583538615961 22 3.0
-16.675820411970836 64.87583538615961 22 3.1
-16.675820411970836 64.87583538615961 22 3.2
-16.675820411970836 64.87583538615961 22 3.3000000000000003
-16.675820411970836 64.87583538615961 22 3.4000000000000004
-16.675820411970836 64.87583538615961 22 3.5
-16.675820411970836 64.87583538615961 22 3.6
-16.675820411970836 64.87583538615961 22 3.7
-16.675820411970836 64.87583538615961 22 3.8000000000000003
-16.675820411970836 64.87583538615961 22 3.9000000000000004
-16.65472087058637 64.87583896786944 23 0.0
-16.65472087058637 64.87583896786944 23 0.1
-16.65472087058637 64.87583896786944 23 0.2
-16.65472087058637 64.87583896786944 23 0.30000000000000004
-16.65472087058637 64.87583896786944 23 0.4
-16.65472087058637 64.87583896786944 23 0.5
-16.65472087058637 64.87583896786944 23 0.6000000000000001
-16.65472087058637 64.87583896786944 23 0.7000000000000001
-16.65472087058637 64.87583896786944 23 0.8
-16.65472087058637 64.87583896786944 23 0.9
-16.65472087058637 64.87583896786944 23 1.0
-16.65472087058637 64.87583896786944 23 1.1
-16.65472087058637 64.87583896786944 23 1.2000000000000002
-16.65472087058637 64.87583896786944 23 1.3
-16.65472087058637 64.87583896786944 23 1.4000000000000001
-16.65472087058637 64.87583896786944 23 1.5
-16.65472087058637 64.87583896786944 23 1.6
-16.65472087058637 64.87583896786944 23 1.7000000000000002
-16.65472087058637 64.87583896786944 23 1.8
-16.65472087058637 64.87583896786944 23 1.9000000000000001
-16.65472087058637 64.87583896786944 23 2.0
-16.65472087058637 64.87583896786944 23 2.1
-16.65472087058637 64.87583896786944 23 2.2
-16.65472087058637 64.87583896786944 23 2.3000000000000003
-16.65472087058637 64.87583896786944 23 2.4000000000000004
-16.65472087058637 64.87583896786944 23 2.5
-16.65472087058637 64.87583896786944 23 2.6
-16.65472087058637 64.87583896786944 23 2.7
-16.65472087058637 64.87583896786944 23 2.8000000000000003
-16.65472087058637 64.87583896786944 23 2.9000000000000004
-16.65472087058637 64.87583896786944 23 3.0
-16.65472087058637 64.87583896786944 23 3.1
-16.65472087058637 64.87583896786944 23 3.2
-16.65472087058637 64.87583896786944 23 3.3000000000000003
-16.65472087058637 64.87583896786944 23 3.4000000000000004
-16.65472087058637 64.87583896786944 23 3.5
-16.65472087058637 64.87583896786944 23 3.6
-16.65472087058637 64.87583896786944 23 3.7
-16.65472087058637 64.87583896786944 23 3.8000000000000003
-16.65472087058637 64.87583896786944 23 3.9000000000000004
-16.65472087058637 64.87583896786944 23 4.0
-16.65472087058637 64.87583896786944 23 4.1000000000000005
-16.65472087058637 64.87583896786944 23 4.2
-16.65472087058637 64.87583896786944 23 4.3
-16.65472087058637 64.87583896786944 23 4.4
-16.65472087058637 64.87583896786944 23 4.5
-16.65472087058637 64.87583896786944 23 4.6000000000000005
-16.65472087058637 64.87583896786944 23 4.7
-16.633621325928985 64.87583955905569 24 0.0
-16.633621325928985 64.87583955905569 24 0.1
-16.633621325928985 64.87583955905569 24 0.2
-16.633621325928985 64.87583955905569 24 0.30000000000000004
-16.633621325928985 64.87583955905569 24 0.4
-16.633621325928985 64.87583955905569 24 0.5
-16.633621325928985 64.87583955905569 24 0.6000000000000001
-16.633621325928985 64.87583955905569 24 0.7000000000000001
-16.633621325928985 64.87583955905569 24 0.8
-16.633621325928985 64.87583955905569 24 0.9
-16.633621325928985 64.87583955905569 24 1.0
-16.633621325928985 64.87583955905569 24 1.1
-16.633621325928985 64.87583955905569 24 1.2000000000000002
-16.633621325928985 64.87583955905569 24 1.3
-16.633621325928985 64.87583955905569 24 1.4000000000000001
-16.633621325928985 64.87583955905569 24 1.5
-16.633621325928985 64.87583955905569 24 1.6
-16.633621325928985 64.87583955905569 24 1.7000000000000002
-16.633621325928985 64.87583955905569 24 1.8
-16.633621325928985 64.87583955905569 24 1.9000000000000001
-16.633621325928985 64.87583955905569 24 2.0
-16.633621325928985 64.87583955905569 24 2.1
-16.633621325928985 64.87583955905569 24 2.2
-16.633621325928985 64.87583955905569 24 2.3000000000000003
-16.633621325928985 64.87583955905569 24 2.4000000000000004
-16.633621325928985 64.87583955905569 24 2.5
-16.633621325928985 64.87583955905569 24 2.6
-16.633621325928985 64.87583955905569 24 2.7
-16.633621325928985 64.87583955905569 24 2.8000000000000003
-16.633621325928985 64.87583955905569 24 2.9000000000000004
-16.633621325928985 64.87583955905569 24 3.0
-16.633621325928985 64.87583955905569 24 3.1
-16.633621325928985 64.87583955905569 24 3.2
-16.633621325928985 64.87583955905569 24 3.3000000000000003
-16.633621325928985 64.87583955905569 24 3.4000000000000004
-16.633621325928985 64.87583955905569 24 3.5
-16.633621325928985 64.87583955905569 24 3.6
-16.633621325928985 64.87583955905569 24 3.7
-16.633621325928985 64.87583955905569 24 3.8000000000000003
-16.633621325928985 64.87583955905569 24 3.9000000000000004
-16.633621325928985 64.87583955905569 24 4.0
-16.633621325928985 64.87583955905569 24 4.1000000000000005
-16.633621325928985 64.87583955905569 24 4.2
-16.633621325928985 64.87583955905569 24 4.3
-16.633621325928985 64.87583955905569 24 4.4
-16.633621325928985 64.87583955905569 24 4.5
-16.633621325928985 64.87583955905569 24 4.6000000000000005
-16.633621325928985 64.87583955905569 24 4.7
-16.633621325928985 64.87583955905569 24 4.800000000000001
-16.633621325928985 64.87583955905569 24 4.9
-16.633621325928985 64.87583955905569 24 5.0
-16.633621325928985 64.87583955905569 24 5.1000000000000005
-16.633621325928985 64.87583955905569 24 5.2
-16.633621325928985 64.87583955905569 24 5.300000000000001
-16.633621325928985 64.87583955905569 24 5.4
-16.612521782689786 64.87583715971817 25 0.0
-16.612521782689786 64.87583715971817 25 0.1
-16.612521782689786 64.87583715971817 25 0.2
-16.612521782689786 64.87583715971817 25 0.30000000000000004
-16.612521782689786 64.87583715971817 25 0.4
-16.612521782689786 64.87583715971817 25 0.5
-16.612521782689786 64.87583715971817 25 0.6000000000000001
-16.612521782689786 64.87583715971817 25 0.7000000000000001
-16.612521782689786 64.87583715971817 25 0.8
-16.612521782689786 64.87583715971817 25 0.9
-16.612521782689786 64.87583715971817 25 1.0
-16.612521782689786 64.87583715971817 25 1.1
-16.612521782689786 64.87583715971817 25 1.2000000000000002
-16.612521782689786 64.87583715971817 25 1.3
-16.612521782689786 64.87583715971817 25 1.4000000000000001
-16.612521782689786 64.87583715971817 25 1.5
-16.612521782689786 64.87583715971817 25 1.6
-16.612521782689786 64.87583715971817 25 1.7000000000000002
-16.612521782689786 64.87583715971817 25 1.8
-16.612521782689786 64.87583715971817 25 1.9000000000000001
-16.612521782689786 64.87583715971817 25 2.0
-16.612521782689786 64.87583715971817 25 2.1
-16.612521782689786 64.87583715971817 25 2.2
-16.612521782689786 64.87583715971817 25 2.3000000000000003
-16.612521782689786 64.87583715971817 25 2.4000000000000004
-16.612521782689786 64.87583715971817 25 2.5
-16.612521782689786 64.87583715971817 25 2.6
-16.612521782689786 64.87583715971817 25 2.7
-16.612521782689786 64.87583715971817 25 2.8000000000000003
-16.612521782689786 64.87583715971817 25 2.9000000000000004
-16.612521782689786 64.87583715971817 25 3.0
-16.612521782689786 64.87583715971817 25 3.1
-16.612521782689786 64.87583715971817 25 3.2
-16.612521782689786 64.87583715971817 25 3.3000000000000003
-16.612521782689786 64.87583715971817 25 3.4000000000000004
-16.612521782689786 64.87583715971817 25 3.5
-16.612521782689786 64.87583715971817 25 3.6
-16.612521782689786 64.87583715971817 25 3.7
-16.612521782689786 64.87583715971817 25 3.8000000000000003
-16.612521782689786 64.87583715971817 25 3.9000000000000004
-16.612521782689786 64.87583715971817 25 4.0
-16.612521782689786 64.87583715971817 25 4.1000000000000005
-16.612521782689786 64.87583715971817 25 4.2
-16.612521782689786 64.87583715971817 25 4.3
-16.612521782689786 64.87583715971817 25 4.4
-16.612521782689786 64.87583715971817 25 4.5
-16.612521782689786 64.87583715971817 25 4.6000000000000005
-16.612521782689786 64.87583715971817 25 4.7
-16.612521782689786 64.87583715971817 25 4.800000000000001
-16.612521782689786 64.87583715971817 25 4.9
-16.59142224555987 64.87583176985768 26 0.0
-16.59142224555987 64.87583176985768 26 0.1
-16.59142224555987 64.87583176985768 26 0.2
-16.59142224555987 64.87583176985768 26 0.30000000000000004
-16.59142224555987 64.87583176985768 26 0.4
-16.59142224555987 64.87583176985768 26 0.5
-16.59142224555987 64.87583176985768 26 0.6000000000000001
-16.59142224555987 64.87583176985768 26 0.7000000000000001
-16.59142224555987 64.87583176985768 26 0.8
-16.59142224555987 64.87583176985768 26 0.9
-16.59142224555987 64.87583176985768 26 1.0
-16.59142224555987 64.87583176985768 26 1.1
-16.59142224555987 64.87583176985768 26 1.2000000000000002
-16.59142224555987 64.87583176985768 26 1.3
-16.59142224555987 64.87583176985768 26 1.4000000000000001
-16.59142224555987 64.87583176985768 26 1.5
-16.59142224555987 64.87583176985768 26 1.6
-16.59142224555987 64.87583176985768 26 1.7000000000000002
-16.59142224555987 64.87583176985768 26 1.8
-16.59142224555987 64.87583176985768 26 1.9000000000000001
-16.59142224555987 64.87583176985768 26 2.0
-16.59142224555987 64.87583176985768 26 2.1
-16.59142224555987 64.87583176985768 26 2.2
-16.59142224555987 64.87583176985768 26 2.3000000000000003
-16.59142224555987 64.87583176985768 26 2.4000000000000004
-16.59142224555987 64.87583176985768 26 2.5
-16.59142224555987 64.87583176985768 26 2.6
-16.59142224555987 64.87583176985768 26 2.7
-16.59142224555987 64.87583176985768 26 2.8000000000000003
-16.59142224555987 64.87583176985768 26 2.9000000000000004
-16.59142224555987 64.87583176985768 26 3.0
-16.59142224555987 64.87583176985768 26 3.1
-16.59142224555987 64.87583176985768 26 3.2
-16.59142224555987 64.87583176985768 26 3.3000000000000003
-16.59142224555987 64.87583176985768 26 3.4000000000000004
-16.59142224555987 64.87583176985768 26 3.5
-16.59142224555987 64.87583176985768 26 3.6
-16.59142224555987 64.87583176985768 26 3.7
-16.59142224555987 64.87583176985768 26 3.8000000000000003
-16.570322719230337 64.87582338947621 27 0.0
-16.570322719230337 64.87582338947621 27 0.1
-16.570322719230337 64.87582338947621 27 0.2
-16.570322719230337 64.87582338947621 27 0.30000000000000004
-16.570322719230337 64.87582338947621 27 0.4
-16.570322719230337 64.87582338947621 27 0.5
-16.570322719230337 64.87582338947621 27 0.6000000000000001
-16.570322719230337 64.87582338947621 27 0.7000000000000001
-16.570322719230337 64.87582338947621 27 0.8
-16.570322719230337 64.87582338947621 27 0.9
-16.570322719230337 64.87582338947621 27 1.0
-16.570322719230337 64.87582338947621 27 1.1
-16.570322719230337 64.87582338947621 27 1.2000000000000002
-16.570322719230337 64.87582338947621 27 1.3
-16.570322719230337 64.87582338947621 27 1.4000000000000001
-16.570322719230337 64.87582338947621 27 1.5
-16.570322719230337 64.87582338947621 27 1.6
-16.570322719230337 64.87582338947621 27 1.7000000000000002
-16.570322719230337 64.87582338947621 27 1.8
-16.570322719230337 64.87582338947621 27 1.9000000000000001
-16.570322719230337 64.87582338947621 27 2.0
-16.570322719230337 64.87582338947621 27 2.1
-16.570322719230337 64.87582338947621 27 2.2
-16.570322719230337 64.87582338947621 27 2.3000000000000003
-16.570322719230337 64.87582338947621 27 2.4000000000000004
-16.570322719230337 64.87582338947621 27 2.5
-16.570322719230337 64.87582338947621 27 2.6
-16.549223208392267 64.87581201857671 28 0.0
-16.549223208392267 64.87581201857671 28 0.1
-16.549223208392267 64.87581201857671 28 0.2
-16.549223208392267 64.87581201857671 28 0.30000000000000004
-16.549223208392267 64.87581201857671 28 0.4
-16.549223208392267 64.87581201857671 28 0.5
-16.549223208392267 64.87581201857671 28 0.6000000000000001
-16.549223208392267 64.87581201857671 28 0.7000000000000001
-16.549223208392267 64.87581201857671 28 0.8
-16.549223208392267 64.87581201857671 28 0.9
-16.549223208392267 64.87581201857671 28 1.0
-16.549223208392267 64.87581201857671 28 1.1
-16.549223208392267 64.87581201857671 28 1.2000000000000002
-16.549223208392267 64.87581201857671 28 1.3
-16.528123717736708 64.87579765716323 29 0.0
-16.528123717736708 64.87579765716323 29 0.1
-16.528123717736708 64.87579765716323 29 0.2
-16.528123717736708 64.87579765716323 29 0.30000000000000004
-16.528123717736708 64.87579765716323 29 0.4
-16.38042824229926 64.87561339344268 36 0.0
-16.38042824229926 64.87561339344268 36 0.1
-16.38042824229926 64.87561339344268 36 0.2
-16.38042824229926 64.87561339344268 36 0.30000000000000004
-16.359329081976988 64.87557510819154 37 0.0
-16.359329081976988 64.87557510819154 37 0.1
-16.359329081976988 64.87557510819154 37 0.2
-16.359329081976988 64.87557510819154 37 0.30000000000000004
-16.359329081976988 64.87557510819154 37 0.4
-16.359329081976988 64.87557510819154 37 0.5
-16.359329081976988 64.87557510819154 37 0.6000000000000001
-16.359329081976988 64.87557510819154 37 0.7000000000000001
-16.359329081976988 64.87557510819154 37 0.8
-16.359329081976988 64.87557510819154 37 0.9
-16.359329081976988 64.87557510819154 37 1.0
-16.359329081976988 64.87557510819154 37 1.1
-16.338229984054635 64.87553383251097 38 0.0
-16.338229984054635 64.87553383251097 38 0.1
-16.338229984054635 64.87553383251097 38 0.2
-16.338229984054635 64.87553383251097 38 0.30000000000000004
-16.338229984054635 64.87553383251097 38 0.4
-16.338229984054635 64.87553383251097 38 0.5
-16.338229984054635 64.87553383251097 38 0.6000000000000001
-16.338229984054635 64.87553383251097 38 0.7000000000000001
-16.338229984054635 64.87553383251097 38 0.8
-16.338229984054635 64.87553383251097 38 0.9
-16.338229984054635 64.87553383251097 38 1.0
-16.338229984054635 64.87553383251097 38 1.1
-16.31713095322267 64.87548956641564 39 0.0
-16.31713095322267 64.87548956641564 39 0.1
-16.31713095322267 64.87548956641564 39 0.2
-16.31713095322267 64.87548956641564 39 0.30000000000000004
-16.31713095322267 64.87548956641564 39 0.4
-16.31713095322267 64.87548956641564 39 0.5
-16.31713095322267 64.87548956641564 39 0.6000000000000001
-16.31713095322267 64.87548956641564 39 0.7000000000000001
-16.31713095322267 64.87548956641564 39 0.8
-16.31713095322267 64.87548956641564 39 0.9
-16.31713095322267 64.87548956641564 39 1.0
-16.31713095322267 64.87548956641564 39 1.1
-16.31713095322267 64.87548956641564 39 1.2000000000000002
-16.31713095322267 64.87548956641564 39 1.3
-16.31713095322267 64.87548956641564 39 1.4000000000000001
-16.296031994171454 64.87544230992141 40 0.0
-16.296031994171454 64.87544230992141 40 0.1
-16.296031994171454 64.87544230992141 40 0.2
-16.296031994171454 64.87544230992141 40 0.30000000000000004
-16.296031994171454 64.87544230992141 40 0.4
-16.296031994171454 64.87544230992141 40 0.5
-16.296031994171454 64.87544230992141 40 0.6000000000000001
-16.296031994171454 64.87544230992141 40 0.7000000000000001
-16.296031994171454 64.87544230992141 40 0.8
-16.296031994171454 64.87544230992141 40 0.9
-16.296031994171454 64.87544230992141 40 1.0
-16.296031994171454 64.87544230992141 40 1.1
-16.296031994171454 64.87544230992141 40 1.2000000000000002
-16.296031994171454 64.87544230992141 40 1.3
-16.296031994171454 64.87544230992141 40 1.4000000000000001
-16.296031994171454 64.87544230992141 40 1.5
-16.296031994171454 64.87544230992141 40 1.6
-16.296031994171454 64.87544230992141 40 1.7000000000000002
-16.296031994171454 64.87544230992141 40 1.8
-16.274933111591256 64.8753920630451 41 0.0
-16.274933111591256 64.8753920630451 41 0.1
-16.274933111591256 64.8753920630451 41 0.2
-16.274933111591256 64.8753920630451 41 0.30000000000000004
-16.274933111591256 64.8753920630451 41 0.4
-16.274933111591256 64.8753920630451 41 0.5
-16.274933111591256 64.8753920630451 41 0.6000000000000001
-16.274933111591256 64.8753920630451 41 0.7000000000000001
-16.274933111591256 64.8753920630451 41 0.8
-16.274933111591256 64.8753920630451 41 0.9
-16.274933111591256 64.8753920630451 41 1.0
-16.274933111591256 64.8753920630451 41 1.1
-16.274933111591256 64.8753920630451 41 1.2000000000000002
-16.274933111591256 64.8753920630451 41 1.3
-16.274933111591256 64.8753920630451 41 1.4000000000000001
-16.274933111591256 64.8753920630451 41 1.5
-16.274933111591256 64.8753920630451 41 1.6
-16.274933111591256 64.8753920630451 41 1.7000000000000002
-16.274933111591256 64.8753920630451 41 1.8
-16.274933111591256 64.8753920630451 41 1.9000000000000001
-16.274933111591256 64.8753920630451 41 2.0
-16.274933111591256 64.8753920630451 41 2.1
-16.274933111591256 64.8753920630451 41 2.2
-16.274933111591256 64.8753920630451 41 2.3000000000000003
-16.274933111591256 64.8753920630451 41 2.4000000000000004
-16.253834310172238 64.87533882580463 42 0.0
-16.253834310172238 64.87533882580463 42 0.1
-16.253834310172238 64.87533882580463 42 0.2
-16.253834310172238 64.87533882580463 42 0.30000000000000004
-16.253834310172238 64.87533882580463 42 0.4
-16.253834310172238 64.87533882580463 42 0.5
-16.253834310172238 64.87533882580463 42 0.6000000000000001
-16.253834310172238 64.87533882580463 42 0.7000000000000001
-16.253834310172238 64.87533882580463 42 0.8
-16.253834310172238 64.87533882580463 42 0.9
-16.253834310172238 64.87533882580463 42 1.0
-16.253834310172238 64.87533882580463 42 1.1
-16.253834310172238 64.87533882580463 42 1.2000000000000002
-16.253834310172238 64.87533882580463 42 1.3
-16.253834310172238 64.87533882580463 42 1.4000000000000001
-16.253834310172238 64.87533882580463 42 1.5
-16.253834310172238 64.87533882580463 42 1.6
-16.253834310172238 64.87533882580463 42 1.7000000000000002
-16.253834310172238 64.87533882580463 42 1.8
-16.253834310172238 64.87533882580463 42 1.9000000000000001
-16.253834310172238 64.87533882580463 42 2.0
-16.253834310172238 64.87533882580463 42 2.1
-16.253834310172238 64.87533882580463 42 2.2
-16.253834310172238 64.87533882580463 42 2.3000000000000003
-16.253834310172238 64.87533882580463 42 2.4000000000000004
-16.253834310172238 64.87533882580463 42 2.5
-16.253834310172238 64.87533882580463 42 2.6
-16.253834310172238 64.87533882580463 42 2.7
-16.253834310172238 64.87533882580463 42 2.8000000000000003
-16.253834310172238 64.87533882580463 42 2.9000000000000004
-16.253834310172238 64.87533882580463 42 3.0
-16.23273559460443 64.875282598219 43 0.0
-16.23273559460443 64.875282598219 43 0.1
-16.23273559460443 64.875282598219 43 0.2
-16.23273559460443 64.875282598219 43 0.30000000000000004
-16.23273559460443 64.875282598219 43 0.4
-16.23273559460443 64.875282598219 43 0.5
-16.23273559460443 64.875282598219 43 0.6000000000000001
-16.23273559460443 64.875282598219 43 0.7000000000000001
-16.23273559460443 64.875282598219 43 0.8
-16.23273559460443 64.875282598219 43 0.9
-16.23273559460443 64.875282598219 43 1.0
-16.23273559460443 64.875282598219 43 1.1
-16.23273559460443 64.875282598219 43 1.2000000000000002
-16.23273559460443 64.875282598219 43 1.3
-16.23273559460443 64.875282598219 43 1.4000000000000001
-16.23273559460443 64.875282598219 43 1.5
-16.23273559460443 64.875282598219 43 1.6
-16.23273559460443 64.875282598219 43 1.7000000000000002
-16.23273559460443 64.875282598219 43 1.8
-16.23273559460443 64.875282598219 43 1.9000000000000001
-16.23273559460443 64.875282598219 43 2.0
-16.23273559460443 64.875282598219 43 2.1
-16.23273559460443 64.875282598219 43 2.2
-16.23273559460443 64.875282598219 43 2.3000000000000003
-16.23273559460443 64.875282598219 43 2.4000000000000004
-16.23273559460443 64.875282598219 43 2.5
-16.23273559460443 64.875282598219 43 2.6
-16.23273559460443 64.875282598219 43 2.7
-16.23273559460443 64.875282598219 43 2.8000000000000003
-16.23273559460443 64.875282598219 43 2.9000000000000004
-16.23273559460443 64.875282598219 43 3.0
-16.23273559460443 64.875282598219 43 3.1
-16.23273559460443 64.875282598219 43 3.2
-16.23273559460443 64.875282598219 43 3.3000000000000003
-16.23273559460443 64.875282598219 43 3.4000000000000004
-16.23273559460443 64.875282598219 43 3.5
-16.23273559460443 64.875282598219 43 3.6
-16.211636969577764 64.87522338030828 44 0.0
-16.211636969577764 64.87522338030828 44 0.1
-16.211636969577764 64.87522338030828 44 0.2
-16.211636969577764 64.87522338030828 44 0.30000000000000004
-16.211636969577764 64.87522338030828 44 0.4
-16.211636969577764 64.87522338030828 44 0.5
-16.211636969577764 64.87522338030828 44 0.6000000000000001
-16.211636969577764 64.87522338030828 44 0.7000000000000001
-16.211636969577764 64.87522338030828 44 0.8
-16.211636969577764 64.87522338030828 44 0.9
-16.211636969577764 64.87522338030828 44 1.0
-16.211636969577764 64.87522338030828 44 1.1
-16.211636969577764 64.87522338030828 44 1.2000000000000002
-16.211636969577764 64.87522338030828 44 1.3
-16.211636969577764 64.87522338030828 44 1.4000000000000001
-16.211636969577764 64.87522338030828 44 1.5
-16.211636969577764 64.87522338030828 44 1.6
-16.211636969577764 64.87522338030828 44 1.7000000000000002
-16.211636969577764 64.87522338030828 44 1.8
-16.211636969577764 64.87522338030828 44 1.9000000000000001
-16.211636969577764 64.87522338030828 44 2.0
-16.211636969577764 64.87522338030828 44 2.1
-16.211636969577764 64.87522338030828 44 2.2
-16.211636969577764 64.87522338030828 44 2.3000000000000003
-16.211636969577764 64.87522338030828 44 2.4000000000000004
-16.211636969577764 64.87522338030828 44 2.5
-16.211636969577764 64.87522338030828 44 2.6
-16.211636969577764 64.87522338030828 44 2.7
-16.211636969577764 64.87522338030828 44 2.8000000000000003
-16.211636969577764 64.87522338030828 44 2.9000000000000004
-16.211636969577764 64.87522338030828 44 3.0
-16.211636969577764 64.87522338030828 44 3.1
-16.211636969577764 64.87522338030828 44 3.2
-16.211636969577764 64.87522338030828 44 3.3000000000000003
-16.211636969577764 64.87522338030828 44 3.4000000000000004
-16.211636969577764 64.87522338030828 44 3.5
-16.211636969577764 64.87522338030828 44 3.6
-16.211636969577764 64.87522338030828 44 3.7
-16.211636969577764 64.87522338030828 44 3.8000000000000003
-16.211636969577764 64.87522338030828 44 3.9000000000000004
-16.211636969577764 64.87522338030828 44 4.0
-16.211636969577764 64.87522338030828 44 4.1000000000000005
-16.211636969577764 64.87522338030828 44 4.2
-16.211636969577764 64.87522338030828 44 4.3
-16.190538439782017 64.8751611720936 45 0.0
-16.190538439782017 64.8751611720936 45 0.1
-16.190538439782017 64.8751611720936 45 0.2
-16.190538439782017 64.8751611720936 45 0.30000000000000004
-16.190538439782017 64.8751611720936 45 0.4
-16.190538439782017 64.8751611720936 45 0.5
-16.190538439782017 64.8751611720936 45 0.6000000000000001
-16.190538439782017 64.8751611720936 45 0.7000000000000001
-16.190538439782017 64.8751611720936 45 0.8
-16.190538439782017 64.8751611720936 45 0.9
-16.190538439782017 64.8751611720936 45 1.0
-16.190538439782017 64.8751611720936 45 1.1
-16.190538439782017 64.8751611720936 45 1.2000000000000002
-16.190538439782017 64.8751611720936 45 1.3
-16.190538439782017 64.8751611720936 45 1.4000000000000001
-16.190538439782017 64.8751611720936 45 1.5
-16.190538439782017 64.8751611720936 45 1.6
-16.190538439782017 64.8751611720936 45 1.7000000000000002
-16.190538439782017 64.8751611720936 45 1.8
-16.190538439782017 64.8751611720936 45 1.9000000000000001
-16.190538439782017 64.8751611720936 45 2.0
-16.190538439782017 64.8751611720936 45 2.1
-16.190538439782017 64.8751611720936 45 2.2
-16.190538439782017 64.8751611720936 45 2.3000000000000003
-16.190538439782017 64.8751611720936 45 2.4000000000000004
-16.190538439782017 64.8751611720936 45 2.5
-16.190538439782017 64.8751611720936 45 2.6
-16.190538439782017 64.8751611720936 45 2.7
-16.190538439782017 64.8751611720936 45 2.8000000000000003
-16.190538439782017 64.8751611720936 45 2.9000000000000004
-16.190538439782017 64.8751611720936 45 3.0
-16.190538439782017 64.8751611720936 45 3.1
-16.190538439782017 64.8751611720936 45 3.2
-16.190538439782017 64.8751611720936 45 3.3000000000000003
-16.190538439782017 64.8751611720936 45 3.4000000000000004
-16.190538439782017 64.8751611720936 45 3.5
-16.190538439782017 64.8751611720936 45 3.6
-16.190538439782017 64.8751611720936 45 3.7
-16.190538439782017 64.8751611720936 45 3.8000000000000003
-16.190538439782017 64.8751611720936 45 3.9000000000000004
-16.190538439782017 64.8751611720936 45 4.0
-16.190538439782017 64.8751611720936 45 4.1000000000000005
-16.190538439782017 64.8751611720936 45 4.2
-16.190538439782017 64.8751611720936 45 4.3
-16.190538439782017 64.8751611720936 45 4.4
-16.190538439782017 64.8751611720936 45 4.5
-16.190538439782017 64.8751611720936 45 4.6000000000000005
-16.190538439782017 64.8751611720936 45 4.7
-16.190538439782017 64.8751611720936 45 4.800000000000001
-16.190538439782017 64.8751611720936 45 4.9
-16.190538439782017 64.8751611720936 45 5.0
-16.190538439782017 64.8751611720936 45 13.5
-16.190538439782017 64.8751611720936 45 13.600000000000001
-16.190538439782017 64.8751611720936 45 13.700000000000001
-16.190538439782017 64.8751611720936 45 13.8
-16.190538439782017 64.8751611720936 45 13.9
-16.190538439782017 64.8751611720936 45 14.0
-16.190538439782017 64.8751611720936 45 14.100000000000001
-16.190538439782017 64.8751611720936 45 14.200000000000001
-16.190538439782017 64.8751611720936 45 14.3
-16.190538439782017 64.8751611720936 45 14.4
-16.190538439782017 64.8751611720936 45 14.5
-16.190538439782017 64.8751611720936 45 14.600000000000001
-16.190538439782017 64.8751611720936 45 14.700000000000001
-16.169440009906843 64.87509597359711 46 0.0
-16.169440009906843 64.87509597359711 46 0.1
-16.169440009906843 64.87509597359711 46 0.2
-16.169440009906843 64.87509597359711 46 0.30000000000000004
-16.169440009906843 64.87509597359711 46 0.4
-16.169440009906843 64.87509597359711 46 0.5
-16.169440009906843 64.87509597359711 46 0.6000000000000001
-16.169440009906843 64.87509597359711 46 0.7000000000000001
-16.169440009906843 64.87509597359711 46 0.8
-16.169440009906843 64.87509597359711 46 0.9
-16.169440009906843 64.87509597359711 46 1.0
-16.169440009906843 64.87509597359711 46 1.1
-16.169440009906843 64.87509597359711 46 1.2000000000000002
-16.169440009906843 64.87509597359711 46 1.3
-16.169440009906843 64.87509597359711 46 1.4000000000000001
-16.169440009906843 64.87509597359711 46 1.5
-16.169440009906843 64.87509597359711 46 1.6
-16.169440009906843 64.87509597359711 46 1.7000000000000002
-16.169440009906843 64.87509597359711 46 1.8
-16.169440009906843 64.87509597359711 46 1.9000000000000001
-16.169440009906843 64.87509597359711 46 2.0
-16.169440009906843 64.87509597359711 46 2.1
-16.169440009906843 64.87509597359711 46 2.2
-16.169440009906843 64.87509597359711 46 2.3000000000000003
-16.169440009906843 64.87509597359711 46 2.4000000000000004
-16.169440009906843 64.87509597359711 46 2.5
-16.169440009906843 64.87509597359711 46 2.6
-16.169440009906843 64.87509597359711 46 2.7
-16.169440009906843 64.87509597359711 46 2.8000000000000003
-16.169440009906843 64.87509597359711 46 2.9000000000000004
-16.169440009906843 64.87509597359711 46 3.0
-16.169440009906843 64.87509597359711 46 3.1
-16.169440009906843 64.87509597359711 46 3.2
-16.169440009906843 64.87509597359711 46 3.3000000000000003
-16.169440009906843 64.87509597359711 46 3.4000000000000004
-16.169440009906843 64.87509597359711 46 3.5
-16.169440009906843 64.87509597359711 46 3.6
-16.169440009906843 64.87509597359711 46 3.7
-16.169440009906843 64.87509597359711 46 3.8000000000000003
-16.169440009906843 64.87509597359711 46 3.9000000000000004
-16.169440009906843 64.87509597359711 46 4.0
-16.169440009906843 64.87509597359711 46 4.1000000000000005
-16.169440009906843 64.87509597359711 46 4.2
-16.169440009906843 64.87509597359711 46 4.3
-16.169440009906843 64.87509597359711 46 4.4
-16.169440009906843 64.87509597359711 46 4.5
-16.169440009906843 64.87509597359711 46 4.6000000000000005
-16.169440009906843 64.87509597359711 46 4.7
-16.169440009906843 64.87509597359711 46 4.800000000000001
-16.169440009906843 64.87509597359711 46 4.9
-16.169440009906843 64.87509597359711 46 5.0
-16.169440009906843 64.87509597359711 46 5.1000000000000005
-16.169440009906843 64.87509597359711 46 5.2
-16.169440009906843 64.87509597359711 46 5.300000000000001
-16.169440009906843 64.87509597359711 46 5.4
-16.169440009906843 64.87509597359711 46 5.5
-16.169440009906843 64.87509597359711 46 5.6000000000000005
-16.169440009906843 64.87509597359711 46 14.600000000000001
-16.169440009906843 64.87509597359711 46 14.700000000000001
-16.169440009906843 64.87509597359711 46 14.8
-16.169440009906843 64.87509597359711 46 14.9
-16.14 64.875 47 0.0
-16.14 64.875 47 0.1
-16.14 64.875 47 0.2
-16.14 64.875 47 0.30000000000000004
-16.14 64.875 47 0.4
-16.14 64.875 47 0.5
-16.14 64.875 47 0.6000000000000001
-16.14 64.875 47 0.7000000000000001
-16.14 64.875 47 0.8
-16.14 64.875 47 0.9
-16.14 64.875 47 1.0
-16.14 64.875 47 1.1
-16.14 64.875 47 1.2000000000000002
-16.14 64.875 47 1.3
-16.14 64.875 47 1.4000000000000001
-16.14 64.875 47 1.5
-16.14 64.875 47 1.6
-16.14 64.875 47 1.7000000000000002
-16.14 64.875 47 1.8
-16.14 64.875 47 1.9000000000000001
-16.14 64.875 47 2.0
-16.14 64.875 47 2.1
-16.14 64.875 47 2.2
-16.14 64.875 47 2.3000000000000003
-16.14 64.875 47 2.4000000000000004
-16.14 64.875 47 2.5
-16.14 64.875 47 2.6
-16.14 64.875 47 2.7
-16.14 64.875 47 2.8000000000000003
-16.14 64.875 47 2.9000000000000004
-16.14 64.875 47 3.0
-16.14 64.875 47 3.1
-16.14 64.875 47 3.2
-16.14 64.875 47 3.3000000000000003
-16.14 64.875 47 3.4000000000000004
-16.14 64.875 47 3.5
-16.14 64.875 47 3.6
-16.14 64.875 47 3.7
-16.14 64.875 47 3.8000000000000003
-16.14 64.875 47 3.9000000000000004
-16.14 64.875 47 4.0
-16.14 64.875 47 4.1000000000000005
-16.14 64.875 47 4.2
-16.14 64.875 47 4.3
-16.14 64.875 47 4.4
-16.14 64.875 47 4.5
-16.14 64.875 47 4.6000000000000005
-16.14 64.875 47 4.7
-16.14 64.875 47 4.800000000000001
-16.14 64.875 47 4.9
-16.14 64.875 47 5.0
-16.14 64.875 47 5.1000000000000005
-16.14 64.875 47 5.2
-16.14 64.875 47 5.300000000000001
-16.14 64.875 47 5.4
-16.14 64.875 47 5.5
-16.14 64.875 47 5.6000000000000005
-16.14 64.875 47 5.7
-16.14 64.875 47 5.800000000000001
-16.14 64.875 47 5.9
-16.14 64.875 47 6.0
-16.14 64.875 47 6.1000000000000005
-16.14 64.875 47 6.2
-16.14 64.875 47 6.300000000000001
-16.14 64.875 47 6.4
-16.14 64.875 47 6.5
