-17.14 65.025 0 6.9 0.3815563366369973
-17.11878334714866 65.02506944613634 1 6.800000000000001 0.3420389362444358
-17.09756658639809 65.02513588162671 2 6.800000000000001 0.17607638496641048
-17.0763497225288 65.02519930644706 3 6.800000000000001 0.17537223463587331
-17.055132760321445 65.02525972057452 4 6.7 0.18495606279285914
-17.033915704556822 65.02531712398728 5 6.6000000000000005 0.18741098563143518
-17.012698560015867 65.02537151666455 6 6.5 0.15960969270846387
-16.991481331479648 65.0254228985867 7 3.3000000000000003 0.1542624266232121
-16.97026402372935 65.02547126973516 8 3.3000000000000003 0.12354548170993557
-16.949046641546268 65.02551663009247 9 3.4000000000000004 0.09241745839237293
-16.92782918971182 65.02555897964221 10 3.7 0.11981784094013628
-16.906611673007504 65.0255983183691 11 3.6 0.1487270009860216
-16.885394096214934 65.02563464625894 12 3.6 0.1269092176729744
-16.864176464115797 65.02566796329857 13 3.6 0.10336211078142582
-16.842958781491866 65.02569826947597 14 3.6 0.09909524628801242
-16.82174105312498 65.02572556478019 15 3.6 0.13838058225307706
-16.800523283797055 65.02574984920136 16 3.6 0.17740229447230838
-16.77930547829006 65.02577112273072 17 3.6 0.17748262681645952
-16.758087641386016 65.02578938536058 18 3.6 0.18524188273489783
-16.73686977786699 65.0258046370843 19 6.5 0.12806721299411755
-16.715651892515094 65.02581687789643 20 3.6 0.1456939248058362
-16.694433990112458 65.02582610779253 21 6.300000000000001 0.190638663166842
-16.673216075441253 65.02583232676925 22 3.3000000000000003 0.2252598402078089
-16.651998153283657 65.02583553482434 23 3.0 0.28098853089023995
-16.630780228421862 65.02583573195665 24 3.0 0.23967170707675
-16.60956230563806 65.0258329181661 25 3.1 0.20708298487832894
-16.58834438971445 65.02582709345373 26 3.3000000000000003 0.20988940426154198
-16.56712648543321 65.02581825782163 27 3.3000000000000003 0.2247223311445679
-16.54590859757651 65.02580641127298 28 3.3000000000000003 0.21607897503775803
-16.524690730926487 65.02579155381208 29 3.3000000000000003 0.2328104006413676
-16.503472890265254 65.02577368544429 30 3.4000000000000004 0.25876305090082447
-16.482255080374884 65.02575280617607 31 3.3000000000000003 0.22731896136703736
-16.461037306037408 65.02572891601497 32 3.2 0.1898298253862487
-16.4398195720348 65.0257020149696 33 3.2 0.2626656056039914
-16.418601883148984 65.02567210304969 34 3.0 0.27272290490063716
-16.397384244161806 65.02563918026607 35 10.9 0.1259473598259219
-16.376166659855055 65.02560324663061 36 10.9 0.14039677849715596
-16.35494913501043 65.0255643021563 37 10.8 0.1757793929472198
-16.33373167440954 65.0255223468572 38 10.8 0.22298757478757514
-16.31251428283392 65.0254773807485 39 10.700000000000001 0.24795148024854652
-16.291296965064983 65.02542940384643 40 10.8 0.2411851041793071
-16.270079725884045 65.02537841616832 41 10.700000000000001 0.24895146278031102
-16.24886257007231 65.02532441773259 42 7.0 0.24597746060968056
-16.22764550241086 65.02526740855876 43 7.0 0.24686139283202457
-16.20642852768064 65.02520738866743 44 7.0 0.24718659144620098
-16.185211650662474 65.02514435808027 45 7.0 0.24737883660025745
-16.16399487613704 65.02507831682007 46 7.0 0.24771161962038873
-16.14 65.025 47 7.0 0.24878673706226154
