-17.14 64.875 0 24.3 0.12180400802816845
-17.11890171738847 64.87506937101595 1 24.1 0.12648601784448543
-17.097803328312793 64.87513575178286 2 24.1 0.14311775038552413
-17.076704837462415 64.87519914227707 3 24.3 0.15332030004350022
-17.05560624952694 64.87525954247596 4 24.200000000000003 0.15183529880008056
-17.034507569196098 64.87531695235795 5 24.400000000000002 0.1482468243824557
-17.013408801159756 64.87537137190259 6 24.5 0.1571580274060226
-16.992309950107906 64.87542280109047 7 24.3 0.1591530300553803
-16.971211020730664 64.87547123990322 8 24.200000000000003 0.14590130773037996
-16.95011201771825 64.8755166883236 9 24.0 0.131983736443391
-16.929012945761 64.87555914633536 10 24.1 0.12565252036928792
-16.907913809549335 64.87559861392336 11 24.3 0.12067118179401295
-16.886814613773776 64.87563509107353 12 24.3 0.11915700972489583
-16.865715363124927 64.87566857777287 13 24.1 0.11219385353807544
-16.84461606229348 64.8756990740094 14 24.0 0.10712278575878546
-16.823516715970182 64.87572657977226 15 24.0 0.10956083382817292
-16.80241732884586 64.87575109505164 16 7.800000000000001 0.10611690408913077
-16.781317905611388 64.87577261983878 17 8.0 0.1192894420217954
-16.760218450957698 64.875791154126 18 7.5 0.12663958053809604
-16.73911896957577 64.87580669790673 19 7.5 0.1259824316090376
-16.718019466156615 64.87581925117537 20 7.6000000000000005 0.1481991440452833
-16.69691994539128 64.87582881392747 21 7.6000000000000005 0.11066417477792229
-16.675820411970836 64.87583538615961 22 7.300000000000001 0.1117054543114945
-16.65472087058637 64.87583896786944 23 31.6 0.04929075246968694
-16.633621325928985 64.87583955905569 24 31.8 0.06570762163297647
-16.612521782689786 64.87583715971817 25 31.6 0.08189932642387382
-16.59142224555987 64.87583176985768 26 31.6 0.08823097601022062
-16.570322719230337 64.87582338947621 27 32.2 0.08562452760556144
-16.549223208392267 64.87581201857671 28 32.800000000000004 0.08227471727792607
-16.528123717736708 64.87579765716323 29 33.1 0.05046471055715559
-16.507024251954697 64.87578030524092 30 33.1 0.043366650507480224
-16.48592481573722 64.87575996281595 31 33.9 0.05220902558648469
-16.46482541377523 64.87573662989558 32 20.200000000000003 0.04807924333530791
-16.443726050759626 64.87571030648816 33 20.1 0.04274518653772627
-16.422626731381254 64.87568099260305 34 18.5 0.0386230268862989
-16.401527460330893 64.87564868825072 35 18.5 0.039610834854478055
-16.38042824229926 64.87561339344268 36 18.6 0.05242026493197831
-16.359329081976988 64.87557510819154 37 28.1 0.05332314102202229
-16.338229984054635 64.87553383251097 38 18.7 0.04919070320051034
-16.31713095322267 64.87548956641564 39 20.6 0.048013289991489336
-16.296031994171454 64.87544230992141 40 20.6 0.06670137670490456
-16.274933111591256 64.8753920630451 41 35.0 0.3087237495359309
-16.253834310172238 64.87533882580463 42 37.4 0.27347093127899685
-16.23273559460443 64.875282598219 43 36.0 0.1751317245215958
-16.211636969577764 64.87522338030828 44 21.1 0.11300114722142049
-16.190538439782017 64.8751611720936 45 21.1 0.09231659609899429
-16.169440009906843 64.87509597359711 46 21.3 0.06093882702338215
-16.14 64.875 47 21.3 0.0755950420834513
