-16.54 65.2 0 3.4000000000000004 0.08503669667308396
-16.54 65.1910310317964 1 3.3000000000000003 0.06592173757280245
-16.54 65.18206205279402 2 3.4000000000000004 0.054831190634110426
-16.54 65.17309306298999 3 3.5 0.053510084698587236
-16.54 65.16412406238142 4 21.5 0.04718032220000935
-16.54 65.1551550509654 5 10.700000000000001 0.051026834953178425
-16.54 65.14618602873907 6 21.0 0.047763808042036476
-16.54 65.1372169956995 7 21.0 0.05055890664684437
-16.54 65.12824795184385 8 20.5 0.05374713504161923
-16.54 65.11927889716921 9 20.900000000000002 0.060365487514955365
-16.54 65.1103098316727 10 20.400000000000002 0.06069108728381505
-16.54 65.10134075535142 11 20.3 0.06444150572505403
-16.54 65.0923716682025 12 20.5 0.058141221831916196
-16.54 65.08340257022309 13 26.1 0.04589504528059651
-16.54 65.07443346141025 14 27.900000000000002 0.05043489343889459
-16.54 65.06546434176113 15 28.3 0.044751127285818135
-16.54 65.05649521127286 16 4.4 0.04415524541534779
-16.54 65.04752606994253 17 4.6000000000000005 0.054819815914648344
-16.54 65.03855691776731 18 4.7 0.06253615598711994
-16.54 65.0295877547443 19 4.7 0.06157427660272508
-16.54 65.0206185808706 20 35.800000000000004 0.08022119139468042
-16.54 65.01164939614338 21 36.1 0.09088371520995159
-16.54 65.00268020055975 22 36.1 0.08781244736759523
-16.54 64.99371099411684 23 36.0 0.08393524149685488
-16.54 64.98474177681177 24 36.0 0.08226673463860482
-16.54 64.97577254864169 25 36.0 0.08111261893886182
-16.54 64.9668033096037 26 36.0 0.08351899757077205
-16.54 64.95783405969496 27 36.0 0.07337877429793857
-16.54 64.94886479891261 28 13.600000000000001 0.07143612808567942
-16.54 64.93989552725375 29 13.600000000000001 0.07774156368496679
-16.54 64.93092624471555 30 13.3 0.08136294379106215
-16.54 64.92195695129513 31 41.7 0.08275917165600283
-16.54 64.91298764698962 32 41.7 0.08430406896021084
-16.54 64.90401833179618 33 41.800000000000004 0.09519722067295038
-16.54 64.89504900571195 34 41.800000000000004 0.08654951456850142
-16.54 64.88607966873406 35 41.5 0.07405932426588646
-16.54 64.87711032085966 36 33.1 0.06652111892797204
-16.54 64.86814096208587 37 32.300000000000004 0.06256399607430131
-16.54 64.85917159240987 38 33.0 0.04475718302110028
-16.54 64.85020221182876 39 32.9 0.035099226814544617
-16.54 64.84123282033974 40 38.6 0.05545715396950673
-16.54 64.83226341793991 41 32.5 0.13969725605885058
-16.54 64.82329400462646 42 32.0 0.18306723020974205
-16.54 64.81432458039652 43 40.1 0.14539316832265536
-16.54 64.8 44 40.2 0.12859843200195215
