-16.94 65.17309306298999 3 3.6 -0.18559393864995735
-16.94 65.16412406238142 4 7.4 -0.080045657688086
-16.94 65.1551550509654 5 7.4 -0.06775828611553372
-16.94 65.14618602873907 6 7.4 -0.06627638396542644
-16.94 65.1103098316727 10 3.7 -0.168656689759159
-16.94 65.10134075535142 11 3.7 -0.15883520070581827
-16.94 65.07443346141025 14 9.3 -0.14215937212211385
-16.94 65.06546434176113 15 9.3 -0.15909072337477284
-16.94 65.05649521127286 16 9.600000000000001 -0.097866994018248
-16.94 65.03855691776731 18 9.3 -0.12943292515426447
-16.94 65.0295877547443 19 9.1 -0.13633656787410292
-16.94 65.0295877547443 19 12.0 -0.07581381308387172
-16.94 65.01164939614338 21 11.9 -0.1029033833124113
-16.94 64.98474177681177 24 11.8 -0.09605121445248702
-16.94 64.97577254864169 25 11.8 -0.09571431657976194
-16.94 64.95783405969496 27 4.2 -0.12251814575760939
-16.94 64.94886479891261 28 4.0 -0.13840026049598278
-16.94 64.93989552725375 29 4.1000000000000005 -0.15723930319859805
-16.94 64.92195695129513 31 4.0 -0.1823510941841453
-16.94 64.92195695129513 31 4.4 -0.10186745702711716
-16.94 64.91298764698962 32 9.1 -0.12080290339399703
-16.94 64.88607966873406 35 4.0 -0.07611722917739035
-16.94 64.88607966873406 35 4.4 -0.16905147955485353
-16.94 64.87711032085966 36 4.6000000000000005 -0.17132169330134941
-16.94 64.86814096208587 37 4.6000000000000005 -0.17986233630903337
-16.94 64.85917159240987 38 4.6000000000000005 -0.19227172382606234
-16.94 64.85020221182876 39 4.6000000000000005 -0.25546874297771593
