-16.94 65.2 0 17.400000000000002 0.0814544555728536
-16.94 65.1910310317964 1 19.5 0.0777396734910105
-16.94 65.18206205279402 2 19.5 0.07976920172188667
-16.94 65.17309306298999 3 19.400000000000002 0.0845366622313805
-16.94 65.16412406238142 4 19.8 0.08718188002417192
-16.94 65.1551550509654 5 19.8 0.10690911602433438
-16.94 65.14618602873907 6 19.8 0.1109791772197552
-16.94 65.1372169956995 7 19.8 0.10791299700812032
-16.94 65.12824795184385 8 19.900000000000002 0.1070174299855656
-16.94 65.11927889716921 9 20.200000000000003 0.09680978464195532
-16.94 65.1103098316727 10 20.3 0.09089249957870196
-16.94 65.10134075535142 11 5.7 0.10538165495388332
-16.94 65.0923716682025 12 22.3 0.0793158968917371
-16.94 65.08340257022309 13 22.5 0.08320033400687907
-16.94 65.07443346141025 14 23.0 0.09561858502036943
-16.94 65.06546434176113 15 22.700000000000003 0.10181149399967757
-16.94 65.05649521127286 16 22.8 0.09805684501942252
-16.94 65.04752606994253 17 22.900000000000002 0.10366398774298845
-16.94 65.03855691776731 18 22.900000000000002 0.10156816673728503
-16.94 65.0295877547443 19 23.0 0.09629101188185377
-16.94 65.0206185808706 20 23.0 0.1012488888195993
-16.94 65.01164939614338 21 23.0 0.10164670551129024
-16.94 65.00268020055975 22 23.0 0.09581617325090834
-16.94 64.99371099411684 23 23.0 0.0935995941302105
-16.94 64.98474177681177 24 23.0 0.08696836286399931
-16.94 64.97577254864169 25 23.200000000000003 0.0786803283584606
-16.94 64.9668033096037 26 23.3 0.07801670698611636
-16.94 64.95783405969496 27 23.3 0.08167585289328298
-16.94 64.94886479891261 28 23.5 0.08852781843476776
-16.94 64.93989552725375 29 23.700000000000003 0.0840713275635165
-16.94 64.93092624471555 30 23.8 0.09394619766298043
-16.94 64.92195695129513 31 23.6 0.10555131908410847
-16.94 64.91298764698962 32 23.6 0.11156466310626677
-16.94 64.90401833179618 33 24.200000000000003 0.1059216363946538
-16.94 64.89504900571195 34 24.400000000000002 0.11637831161849366
-16.94 64.88607966873406 35 24.5 0.12090132924778714
-16.94 64.87711032085966 36 24.200000000000003 0.1252584445373141
-16.94 64.86814096208587 37 24.0 0.1349641660713736
-16.94 64.85917159240987 38 24.200000000000003 0.13533012001260095
-16.94 64.85020221182876 39 24.3 0.13036024281714728
-16.94 64.84123282033974 40 24.200000000000003 0.13187648944965877
-16.94 64.83226341793991 41 24.400000000000002 0.144081253722486
-16.94 64.82329400462646 42 24.3 0.14754130074740296
-16.94 64.81432458039652 43 24.200000000000003 0.14789325564642183
-16.94 64.8 44 23.900000000000002 0.14701575795551647
