-17.14 65.1 0 22.1 0.07980562326193705
-17.118723606804746 65.10006948347213 1 22.3 0.08539504072745273
-17.097447104983164 65.10013594601354 2 4.2 0.10282273307851342
-17.076170499362124 65.10019938760004 3 4.3 0.1265155593983807
-17.05489379476866 65.10025980820859 4 5.6000000000000005 0.13312744025756681
-17.033616996029938 65.10031720781721 5 5.800000000000001 0.1447730970852772
-17.01234010797327 65.10037158640503 6 5.6000000000000005 0.11105165967473674
-16.991063135426096 65.10042294395227 7 5.6000000000000005 0.09757211953385703
-16.969786083215972 65.10047128044026 8 5.6000000000000005 0.08773309228076154
-16.94850895617058 65.10051659585142 9 5.800000000000001 0.11339891725060015
-16.92723175911771 65.10055889016927 10 5.9 0.08731837255978205
-16.90595449688525 65.10059816337844 11 22.6 0.07841103523885264
-16.88467717430119 65.10063441546463 12 23.0 0.08435422914125577
-16.86339979619359 65.10066764641469 13 23.3 0.0788821219825675
-16.84212236739062 65.1006978562165 14 23.5 0.07203824875495607
-16.820844892720498 65.10072504485909 15 23.400000000000002 0.06723225404217964
-16.799567377011524 65.10074921233259 16 23.400000000000002 0.0670037356049958
-16.77828982509205 65.10077035862817 17 23.3 0.06338548737964081
-16.757012241790484 65.10078848373817 18 23.5 0.06102797034213162
-16.73573463193528 65.100803587656 19 23.6 0.053475932143885484
-16.714457000354933 65.10081567037616 20 23.5 0.050966386794912485
-16.693179351877966 65.10082473189426 21 23.400000000000002 0.04548209924425792
-16.671901691332927 65.10083077220702 22 23.3 0.036818454728145364
-16.65062402354838 65.1008337913122 23 24.900000000000002 0.0257348881589723
-16.629346353352908 65.10083378920872 24 21.400000000000002 0.025000882887525364
-16.608068685575088 65.1008307658966 25 20.900000000000002 0.036500431159103446
-16.586791025043496 65.10082472137692 26 20.3 0.046957738588063284
-16.5655133765867 65.1008156556519 27 20.1 0.05722717167874975
-16.544235745033248 65.10080356872481 28 20.3 0.06396478479781896
-16.522958135211663 65.10078846060006 29 20.5 0.06597600265939971
-16.50168055195044 65.10077033128314 30 21.1 0.06465850485178111
-16.48040300007803 65.10074918078067 31 21.400000000000002 0.05566904114518727
-16.45912548442284 65.10072500910029 32 21.400000000000002 0.057027663873015305
-16.437848009813234 65.10069781625081 33 41.5 0.0770683940369199
-16.416570581077494 65.10066760224214 34 41.7 0.05420699900756004
-16.39529320304386 65.10063436708525 35 42.0 0.04633809928721118
-16.374015880540476 65.10059811079222 36 21.3 0.04158716989467744
-16.35273861839542 65.10055883337625 37 21.3 0.04633743265651399
-16.331461421436675 65.10051653485161 38 21.400000000000002 0.04852404118752985
-16.310184294492135 65.10047121523368 39 41.800000000000004 0.05366594223116621
-16.288907242389584 65.10042287453896 40 21.5 0.06508466141716118
-16.2676302699567 65.100371512785 41 33.5 0.06084489646205953
-16.24635338202105 65.1003171299905 42 33.300000000000004 0.06497898788643987
-16.225076583410065 65.10025972617521 43 41.7 0.07200703169584292
-16.20379987895106 65.10019930136004 44 41.7 0.11039457456314518
-16.182523273471205 65.10013585556692 45 42.1 0.09674357921337402
-16.14 65.1 46 21.6 0.10354063271286924
