-16.74 65.2 0 38.300000000000004 -0.05726839155819767
-16.74 65.1910310317964 1 38.800000000000004 -0.07994362505131918
-16.74 65.18206205279402 2 9.5 -0.0739961796297326
-16.74 65.18206205279402 2 38.5 -0.06689616117092674
-16.74 65.17309306298999 3 9.8 -0.07278213732026363
-16.74 65.16412406238142 4 10.100000000000001 -0.0642618072289473
-16.74 65.1551550509654 5 10.5 -0.06146251764250721
-16.74 65.14618602873907 6 10.9 -0.06406635939185631
-16.74 65.1372169956995 7 10.9 -0.06508118170282393
-16.74 65.12824795184385 8 11.0 -0.07319988257501814
-16.74 65.11927889716921 9 11.100000000000001 -0.08220671667188367
-16.74 65.1103098316727 10 11.200000000000001 -0.0934583268850141
-16.74 65.10134075535142 11 11.200000000000001 -0.1027509193738616
-16.74 65.0923716682025 12 11.200000000000001 -0.10803207520637662
-16.74 65.08340257022309 13 11.200000000000001 -0.10178082326548148
-16.74 65.07443346141025 14 11.200000000000001 -0.08815612884206318
-16.74 65.06546434176113 15 11.5 -0.06800912665554423
-16.74 65.05649521127286 16 10.8 -0.09035246411505658
-16.74 65.04752606994253 17 10.600000000000001 -0.12245515446807988
-16.74 65.03855691776731 18 10.8 -0.11570661285740082
-16.74 65.0295877547443 19 11.3 -0.05632687401986311
-16.74 65.0295877547443 19 12.600000000000001 -0.07951502469294493
-16.74 65.0295877547443 19 40.1 -0.13332298789623598
-16.74 65.0206185808706 20 12.8 -0.06520745620901142
-16.74 65.0206185808706 20 40.5 -0.1273585989030074
-16.74 65.01164939614338 21 40.6 -0.12646876228346082
-16.74 65.00268020055975 22 40.2 -0.1256151606015714
-16.74 64.99371099411684 23 17.5 -0.06379367357103173
-16.74 64.99371099411684 23 18.0 -0.06906762533987669
-16.74 64.99371099411684 23 40.0 -0.12299469031984002
-16.74 64.98474177681177 24 18.0 -0.1128139883512282
-16.74 64.98474177681177 24 39.900000000000006 -0.1157790029313641
-16.74 64.97577254864169 25 17.8 -0.10801333094245764
-16.74 64.97577254864169 25 39.800000000000004 -0.1043747274521205
-16.74 64.9668033096037 26 17.7 -0.11496543532326918
-16.74 64.9668033096037 26 39.7 -0.10084309961944826
-16.74 64.95783405969496 27 17.7 -0.11902688778160785
-16.74 64.95783405969496 27 39.6 -0.0996361873749833
-16.74 64.94886479891261 28 17.8 -0.11706928024697835
-16.74 64.94886479891261 28 39.5 -0.10975771449288096
-16.74 64.94886479891261 28 48.400000000000006 -0.17496188140286997
-16.74 64.93989552725375 29 17.7 -0.11352451660991383
-16.74 64.93989552725375 29 39.400000000000006 -0.12808879159403833
-16.74 64.93989552725375 29 48.400000000000006 -0.1771628263195876
-16.74 64.93092624471555 30 17.6 -0.10848263455844015
-16.74 64.93092624471555 30 39.1 -0.13165409580851634
-16.74 64.93092624471555 30 48.400000000000006 -0.18204941102316796
-16.74 64.92195695129513 31 17.5 -0.10101790436341701
-16.74 64.92195695129513 31 39.1 -0.1301729668131826
-16.74 64.92195695129513 31 48.5 -0.18051520278194041
-16.74 64.91298764698962 32 17.6 -0.09287641945042578
-16.74 64.91298764698962 32 39.0 -0.12440222330750295
-16.74 64.91298764698962 32 48.5 -0.17754646423853085
-16.74 64.90401833179618 33 38.6 -0.1035869498859859
-16.74 64.90401833179618 33 48.5 -0.17812798723433493
-16.74 64.89504900571195 34 38.5 -0.08988900805041326
-16.74 64.89504900571195 34 48.5 -0.1788130141963097
-16.74 64.88607966873406 35 48.5 -0.18047981060853394
-16.74 64.87711032085966 36 48.400000000000006 -0.18239491540382713
-16.74 64.86814096208587 37 48.400000000000006 -0.18267111575769665
-16.74 64.85917159240987 38 48.400000000000006 -0.188137138370443
-16.74 64.85020221182876 39 48.300000000000004 -0.18845423854845206
-16.74 64.84123282033974 40 48.300000000000004 -0.18108154033229573
-16.74 64.82329400462646 42 47.1 -0.15758130286243408
-16.74 64.81432458039652 43 44.0 -0.10939201640908815
-16.74 64.8 44 44.1 -0.1739976152254142
-16.74 64.8 44 56.0 -0.08628513412280875
