-16.74 65.2 0 3.3000000000000003 0.276384631048176
-16.74 65.1910310317964 1 3.4000000000000004 0.29829981939926753
-16.74 65.18206205279402 2 3.4000000000000004 0.2572757965049712
-16.74 65.17309306298999 3 3.4000000000000004 0.2433529333089532
-16.74 65.16412406238142 4 3.4000000000000004 0.21870274152385163
-16.74 65.1551550509654 5 3.4000000000000004 0.22397030485792366
-16.74 65.14618602873907 6 3.4000000000000004 0.26090015487759183
-16.74 65.1372169956995 7 3.4000000000000004 0.3201751520606368
-16.74 65.12824795184385 8 3.4000000000000004 0.17918351520965325
-16.74 65.11927889716921 9 3.4000000000000004 0.1280814647217166
-16.74 65.1103098316727 10 3.0 0.17702657009393635
-16.74 65.10134075535142 11 3.0 0.20182002743009558
-16.74 65.0923716682025 12 3.0 0.17683892938233206
-16.74 65.08340257022309 13 3.2 0.14733540938091125
-16.74 65.07443346141025 14 3.1 0.13653455292363495
-16.74 65.06546434176113 15 3.2 0.12684192286704843
-16.74 65.05649521127286 16 3.2 0.11627518531661385
-16.74 65.04752606994253 17 6.4 0.109321726075447
-16.74 65.03855691776731 18 3.3000000000000003 0.10921798883952867
-16.74 65.0295877547443 19 6.6000000000000005 0.11936993227859219
-16.74 65.0206185808706 20 3.6 0.18753693214288114
-16.74 65.01164939614338 21 3.5 0.20463732628012438
-16.74 65.00268020055975 22 3.5 0.23671953224335068
-16.74 64.99371099411684 23 3.5 0.29088482366229906
-16.74 64.98474177681177 24 3.5 0.30461433430939744
-16.74 64.97577254864169 25 3.5 0.2962411945362786
-16.74 64.9668033096037 26 3.4000000000000004 0.23783891823007075
-16.74 64.95783405969496 27 3.5 0.14786152571291983
-16.74 64.94886479891261 28 3.4000000000000004 0.13866987245177576
-16.74 64.93989552725375 29 8.9 0.14221429375640457
-16.74 64.93092624471555 30 8.5 0.1979339972006535
-16.74 64.92195695129513 31 8.5 0.31156549853423554
-16.74 64.91298764698962 32 8.4 0.24218388738001922
-16.74 64.90401833179618 33 8.5 0.22768510714304924
-16.74 64.89504900571195 34 3.2 0.19486226264098438
-16.74 64.88607966873406 35 3.3000000000000003 0.3026165503664589
-16.74 64.87711032085966 36 3.4000000000000004 0.3792135123423676
-16.74 64.86814096208587 37 6.800000000000001 0.22468297303117513
-16.74 64.85917159240987 38 6.800000000000001 0.3509336995929989
-16.74 64.85020221182876 39 6.800000000000001 0.5979298641504907
-16.74 64.84123282033974 40 6.800000000000001 0.5979298641504907
-16.74 64.83226341793991 41 11.5 0.10378776576464888
-16.74 64.82329400462646 42 11.700000000000001 0.1471382091537497
-16.74 64.81432458039652 43 11.700000000000001 0.14794905455128318
-16.74 64.8 44 11.8 0.13917673701439962
