-17.14 65.1 0 0.0
-17.14 65.1 0 0.1
-17.14 65.1 0 0.2
-17.14 65.1 0 0.30000000000000004
-17.14 65.1 0 0.4
-17.14 65.1 0 0.5
-17.14 65.1 0 0.6000000000000001
-17.14 65.1 0 0.7000000000000001
-17.14 65.1 0 0.8
-17.14 65.1 0 0.9
-17.14 65.1 0 1.0
-17.14 65.1 0 1.1
-17.14 65.1 0 1.2000000000000002
-17.14 65.1 0 1.3
-17.14 65.1 0 1.4000000000000001
-17.14 65.1 0 1.5
-17.14 65.1 0 1.6
-17.14 65.1 0 1.7000000000000002
-17.14 65.1 0 1.8
-17.14 65.1 0 1.9000000000000001
-17.14 65.1 0 2.0
-17.14 65.1 0 2.1
-17.14 65.1 0 2.2
-17.14 65.1 0 2.3000000000000003
-17.14 65.1 0 2.4000000000000004
-17.14 65.1 0 2.5
-17.14 65.1 0 2.6
-17.14 65.1 0 2.7
-17.14 65.1 0 2.8000000000000003
-17.14 65.1 0 2.9000000000000004
-17.14 65.1 0 3.0
-17.14 65.1 0 3.1
-17.14 65.1 0 3.2
-17.14 65.1 0 3.3000000000000003
-17.14 65.1 0 3.4000000000000004
-17.14 65.1 0 3.5
-17.14 65.1 0 3.6
-17.14 65.1 0 3.7
-17.14 65.1 0 3.8000000000000003
-17.14 65.1 0 3.9000000000000004
-17.14 65.1 0 4.0
-17.14 65.1 0 4.1000000000000005
-17.14 65.1 0 4.2
-17.14 65.1 0 4.3
-17.14 65.1 0 4.4
-17.14 65.1 0 4.5
-17.14 65.1 0 4.6000000000000005
-17.118723606804746 65.10006948347213 1 0.0
-17.118723606804746 65.10006948347213 1 0.1
-17.118723606804746 65.10006948347213 1 0.2
-17.118723606804746 65.10006948347213 1 0.30000000000000004
-17.118723606804746 65.10006948347213 1 0.4
-17.118723606804746 65.10006948347213 1 0.5
-17.118723606804746 65.10006948347213 1 0.6000000000000001
-17.118723606804746 65.10006948347213 1 0.7000000000000001
-17.118723606804746 65.10006948347213 1 0.8
-17.118723606804746 65.10006948347213 1 0.9
-17.118723606804746 65.10006948347213 1 1.0
-17.118723606804746 65.10006948347213 1 1.1
-17.118723606804746 65.10006948347213 1 1.2000000000000002
-17.118723606804746 65.10006948347213 1 1.3
-17.118723606804746 65.10006948347213 1 1.4000000000000001
-17.118723606804746 65.10006948347213 1 1.5
-17.118723606804746 65.10006948347213 1 1.6
-17.118723606804746 65.10006948347213 1 1.7000000000000002
-17.118723606804746 65.10006948347213 1 1.8
-17.118723606804746 65.10006948347213 1 1.9000000000000001
-17.118723606804746 65.10006948347213 1 2.0
-17.118723606804746 65.10006948347213 1 2.1
-17.118723606804746 65.10006948347213 1 2.2
-17.118723606804746 65.10006948347213 1 2.3000000000000003
-17.118723606804746 65.10006948347213 1 2.4000000000000004
-17.118723606804746 65.10006948347213 1 2.5
-17.118723606804746 65.10006948347213 1 2.6
-17.118723606804746 65.10006948347213 1 2.7
-17.118723606804746 65.10006948347213 1 2.8000000000000003
-17.118723606804746 65.10006948347213 1 2.9000000000000004
-17.118723606804746 65.10006948347213 1 3.0
-17.118723606804746 65.10006948347213 1 3.1
-17.118723606804746 65.10006948347213 1 3.2
-17.118723606804746 65.10006948347213 1 3.3000000000000003
-17.118723606804746 65.10006948347213 1 3.4000000000000004
-17.118723606804746 65.10006948347213 1 3.5
-17.118723606804746 65.10006948347213 1 3.6
-17.118723606804746 65.10006948347213 1 3.7
-17.118723606804746 65.10006948347213 1 3.8000000000000003
-17.118723606804746 65.10006948347213 1 3.9000000000000004
-17.118723606804746 65.10006948347213 1 4.0
-17.118723606804746 65.10006948347213 1 4.1000000000000005
-17.118723606804746 65.10006948347213 1 4.2
-17.118723606804746 65.10006948347213 1 4.3
-17.118723606804746 65.10006948347213 1 4.4
-17.118723606804746 65.10006948347213 1 4.5
-17.118723606804746 65.10006948347213 1 4.6000000000000005
-17.097447104983164 65.10013594601354 2 0.0
-17.097447104983164 65.10013594601354 2 0.1
-17.097447104983164 65.10013594601354 2 0.2
-17.097447104983164 65.10013594601354 2 0.30000000000000004
-17.097447104983164 65.10013594601354 2 0.4
-17.097447104983164 65.10013594601354 2 0.5
-17.097447104983164 65.10013594601354 2 0.6000000000000001
-17.097447104983164 65.10013594601354 2 0.7000000000000001
-17.097447104983164 65.10013594601354 2 0.8
-17.097447104983164 65.10013594601354 2 0.9
-17.097447104983164 65.10013594601354 2 1.0
-17.097447104983164 65.10013594601354 2 1.1
-17.097447104983164 65.10013594601354 2 1.2000000000000002
-17.097447104983164 65.10013594601354 2 1.3
-17.097447104983164 65.10013594601354 2 1.4000000000000001
-17.097447104983164 65.10013594601354 2 1.5
-17.097447104983164 65.10013594601354 2 1.6
-17.097447104983164 65.10013594601354 2 1.7000000000000002
-17.097447104983164 65.10013594601354 2 1.8
-17.097447104983164 65.10013594601354 2 1.9000000000000001
-17.097447104983164 65.10013594601354 2 2.0
-17.097447104983164 65.10013594601354 2 2.1
-17.097447104983164 65.10013594601354 2 2.2
-17.097447104983164 65.10013594601354 2 2.3000000000000003
-17.097447104983164 65.10013594601354 2 2.4000000000000004
-17.097447104983164 65.10013594601354 2 2.5
-17.097447104983164 65.10013594601354 2 2.6
-17.097447104983164 65.10013594601354 2 2.7
-17.097447104983164 65.10013594601354 2 2.8000000000000003
-17.097447104983164 65.10013594601354 2 2.9000000000000004
-17.097447104983164 65.10013594601354 2 3.0
-17.097447104983164 65.10013594601354 2 3.1
-17.097447104983164 65.10013594601354 2 3.2
-17.097447104983164 65.10013594601354 2 3.3000000000000003
-17.097447104983164 65.10013594601354 2 3.4000000000000004
-17.097447104983164 65.10013594601354 2 3.5
-17.097447104983164 65.10013594601354 2 3.6
-17.097447104983164 65.10013594601354 2 3.7
-17.097447104983164 65.10013594601354 2 3.8000000000000003
-17.097447104983164 65.10013594601354 2 3.9000000000000004
-17.097447104983164 65.10013594601354 2 4.0
-17.097447104983164 65.10013594601354 2 4.1000000000000005
-17.097447104983164 65.10013594601354 2 4.2
-17.097447104983164 65.10013594601354 2 4.3
-17.097447104983164 65.10013594601354 2 4.4
-17.097447104983164 65.10013594601354 2 4.5
-17.076170499362124 65.10019938760004 3 0.0
-17.076170499362124 65.10019938760004 3 0.1
-17.076170499362124 65.10019938760004 3 0.2
-17.076170499362124 65.10019938760004 3 0.30000000000000004
-17.076170499362124 65.10019938760004 3 0.4
-17.076170499362124 65.10019938760004 3 0.5
-17.076170499362124 65.10019938760004 3 0.6000000000000001
-17.076170499362124 65.10019938760004 3 0.7000000000000001
-17.076170499362124 65.10019938760004 3 0.8
-17.076170499362124 65.10019938760004 3 0.9
-17.076170499362124 65.10019938760004 3 1.0
-17.076170499362124 65.10019938760004 3 1.1
-17.076170499362124 65.10019938760004 3 1.2000000000000002
-17.076170499362124 65.10019938760004 3 1.3
-17.076170499362124 65.10019938760004 3 1.4000000000000001
-17.076170499362124 65.10019938760004 3 1.5
-17.076170499362124 65.10019938760004 3 1.6
-17.076170499362124 65.10019938760004 3 1.7000000000000002
-17.076170499362124 65.10019938760004 3 1.8
-17.076170499362124 65.10019938760004 3 1.9000000000000001
-17.076170499362124 65.10019938760004 3 2.0
-17.076170499362124 65.10019938760004 3 2.1
-17.076170499362124 65.10019938760004 3 2.2
-17.076170499362124 65.10019938760004 3 2.3000000000000003
-17.076170499362124 65.10019938760004 3 2.4000000000000004
-17.076170499362124 65.10019938760004 3 2.5
-17.076170499362124 65.10019938760004 3 2.6
-17.076170499362124 65.10019938760004 3 2.7
-17.076170499362124 65.10019938760004 3 2.8000000000000003
-17.076170499362124 65.10019938760004 3 2.9000000000000004
-17.076170499362124 65.10019938760004 3 3.0
-17.076170499362124 65.10019938760004 3 3.1
-17.076170499362124 65.10019938760004 3 3.2
-17.076170499362124 65.10019938760004 3 3.3000000000000003
-17.076170499362124 65.10019938760004 3 3.4000000000000004
-17.076170499362124 65.10019938760004 3 3.5
-17.076170499362124 65.10019938760004 3 3.6
-17.05489379476866 65.10025980820859 4 0.0
-17.05489379476866 65.10025980820859 4 0.1
-17.05489379476866 65.10025980820859 4 0.2
-17.05489379476866 65.10025980820859 4 0.30000000000000004
-17.05489379476866 65.10025980820859 4 0.4
-17.05489379476866 65.10025980820859 4 0.5
-17.05489379476866 65.10025980820859 4 0.6000000000000001
-17.05489379476866 65.10025980820859 4 0.7000000000000001
-17.05489379476866 65.10025980820859 4 0.8
-17.05489379476866 65.10025980820859 4 0.9
-17.05489379476866 65.10025980820859 4 1.0
-17.05489379476866 65.10025980820859 4 1.1
-17.05489379476866 65.10025980820859 4 1.2000000000000002
-17.05489379476866 65.10025980820859 4 1.3
-17.05489379476866 65.10025980820859 4 1.4000000000000001
-17.05489379476866 65.10025980820859 4 1.5
-17.05489379476866 65.10025980820859 4 1.6
-17.05489379476866 65.10025980820859 4 1.7000000000000002
-17.05489379476866 65.10025980820859 4 1.8
-17.05489379476866 65.10025980820859 4 1.9000000000000001
-17.05489379476866 65.10025980820859 4 2.0
-17.05489379476866 65.10025980820859 4 2.1
-17.05489379476866 65.10025980820859 4 2.2
-17.05489379476866 65.10025980820859 4 2.3000000000000003
-17.05489379476866 65.10025980820859 4 2.4000000000000004
-17.05489379476866 65.10025980820859 4 2.5
-17.033616996029938 65.10031720781721 5 0.0
-17.033616996029938 65.10031720781721 5 0.1
-17.033616996029938 65.10031720781721 5 0.2
-17.033616996029938 65.10031720781721 5 0.30000000000000004
-17.033616996029938 65.10031720781721 5 0.4
-17.033616996029938 65.10031720781721 5 0.5
-17.033616996029938 65.10031720781721 5 0.6000000000000001
-17.033616996029938 65.10031720781721 5 0.7000000000000001
-17.033616996029938 65.10031720781721 5 0.8
-17.033616996029938 65.10031720781721 5 0.9
-17.033616996029938 65.10031720781721 5 1.0
-17.033616996029938 65.10031720781721 5 1.1
-17.033616996029938 65.10031720781721 5 1.2000000000000002
-17.033616996029938 65.10031720781721 5 1.3
-17.033616996029938 65.10031720781721 5 1.4000000000000001
-17.033616996029938 65.10031720781721 5 1.5
-17.01234010797327 65.10037158640503 6 0.0
-17.01234010797327 65.10037158640503 6 0.1
-17.01234010797327 65.10037158640503 6 0.2
-17.01234010797327 65.10037158640503 6 0.30000000000000004
-17.01234010797327 65.10037158640503 6 0.4
-17.01234010797327 65.10037158640503 6 0.5
-16.671901691332927 65.10083077220702 22 0.0
-16.671901691332927 65.10083077220702 22 0.1
-16.416570581077494 65.10066760224214 34 0.0
-16.24635338202105 65.1003171299905 42 0.0
-16.24635338202105 65.1003171299905 42 0.1
-16.24635338202105 65.1003171299905 42 0.2
-16.225076583410065 65.10025972617521 43 0.0
-16.225076583410065 65.10025972617521 43 0.1
-16.225076583410065 65.10025972617521 43 0.2
-16.225076583410065 65.10025972617521 43 0.30000000000000004
-16.225076583410065 65.10025972617521 43 0.4
-16.225076583410065 65.10025972617521 43 0.5
-16.225076583410065 65.10025972617521 43 0.6000000000000001
-16.225076583410065 65.10025972617521 43 0.7000000000000001
-16.225076583410065 65.10025972617521 43 0.8
-16.225076583410065 65.10025972617521 43 0.9
-16.225076583410065 65.10025972617521 43 1.0
-16.225076583410065 65.10025972617521 43 1.1
-16.20379987895106 65.10019930136004 44 0.0
