-16.969786083215972 65.10047128044026 8 3.8000000000000003 -0.12955737513901724
-16.94850895617058 65.10051659585142 9 3.8000000000000003 -0.1322137848660563
-16.92723175911771 65.10055889016927 10 3.6 -0.2588608557586345
-16.90595449688525 65.10059816337844 11 3.8000000000000003 -0.2875825134441671
-16.88467717430119 65.10063441546463 12 4.0 -0.2063838445720234
-16.86339979619359 65.10066764641469 13 4.1000000000000005 -0.14594020208219213
-16.86339979619359 65.10066764641469 13 10.100000000000001 -0.07908056884872823
-16.84212236739062 65.1006978562165 14 10.3 -0.09018877676755147
-16.820844892720498 65.10072504485909 15 10.4 -0.08320959649420258
-16.799567377011524 65.10074921233259 16 10.3 -0.052376883334905054
-16.65062402354838 65.1008337913122 23 7.4 -0.06448365134281608
-16.629346353352908 65.10083378920872 24 7.4 -0.07653560201324558
-16.45912548442284 65.10072500910029 32 2.6 -0.2727693157482315
-16.331461421436675 65.10051653485161 38 8.8 -0.050851678592928426
-16.310184294492135 65.10047121523368 39 8.700000000000001 -0.08676722267849346
