-16.14 65.2 0 16.2 -0.08224260262464564
-16.14 65.1910310317964 1 7.300000000000001 -0.0985606317214443
-16.14 65.1910310317964 1 16.3 -0.09149261754452225
-16.14 65.18206205279402 2 7.300000000000001 -0.10924888035421618
-16.14 65.18206205279402 2 16.5 -0.08837904767367533
-16.14 65.18206205279402 2 26.6 -0.05497576155434961
-16.14 65.18206205279402 2 47.300000000000004 -0.11451390408587923
-16.14 65.17309306298999 3 7.300000000000001 -0.10556562902210899
-16.14 65.17309306298999 3 16.5 -0.08859017132839296
-16.14 65.17309306298999 3 26.5 -0.06910475929562505
-16.14 65.17309306298999 3 47.5 -0.12300143528939736
-16.14 65.16412406238142 4 7.4 -0.09693004921643693
-16.14 65.16412406238142 4 16.5 -0.08940002052379259
-16.14 65.16412406238142 4 26.400000000000002 -0.07309529747187755
-16.14 65.16412406238142 4 47.7 -0.1324951954614121
-16.14 65.1551550509654 5 7.5 -0.09650310112908347
-16.14 65.1551550509654 5 16.5 -0.07101666409041968
-16.14 65.1551550509654 5 26.5 -0.07468271718270009
-16.14 65.1551550509654 5 47.7 -0.13748436649739207
-16.14 65.14618602873907 6 7.5 -0.09276357584452875
-16.14 65.14618602873907 6 16.5 -0.05622395751786762
-16.14 65.14618602873907 6 26.5 -0.07044124238274689
-16.14 65.14618602873907 6 47.400000000000006 -0.152666958134783
-16.14 65.1372169956995 7 7.7 -0.08696474729809577
-16.14 65.1372169956995 7 26.400000000000002 -0.06579295198339082
-16.14 65.1372169956995 7 47.2 -0.1580714510031979
-16.14 65.12824795184385 8 8.200000000000001 -0.09114175270681708
-16.14 65.12824795184385 8 26.3 -0.05480813610875617
-16.14 65.12824795184385 8 47.400000000000006 -0.15997874969915854
-16.14 65.11927889716921 9 8.5 -0.09241397815893822
-16.14 65.11927889716921 9 49.2 -0.12472822905570394
-16.14 65.1103098316727 10 8.5 -0.05526117355277858
-16.14 65.10134075535142 11 16.3 -0.06309316982579236
-16.14 65.0923716682025 12 16.3 -0.06287506009701814
-16.14 65.07443346141025 14 16.3 -0.0733501618385725
-16.14 65.0295877547443 19 17.0 -0.11723110758710402
-16.14 65.0206185808706 20 16.8 -0.12737630150429655
-16.14 65.01164939614338 21 16.7 -0.13110699041258794
-16.14 65.00268020055975 22 16.6 -0.13609201128950407
-16.14 64.99371099411684 23 9.5 -0.08834237800551314
-16.14 64.99371099411684 23 16.8 -0.13247191143617074
-16.14 64.99371099411684 23 48.800000000000004 -0.08878869449085533
-16.14 64.98474177681177 24 16.8 -0.1283748903933445
-16.14 64.98474177681177 24 48.7 -0.09637152644537311
-16.14 64.97577254864169 25 16.900000000000002 -0.1331165071856438
-16.14 64.97577254864169 25 48.400000000000006 -0.08366916925561113
-16.14 64.9668033096037 26 17.0 -0.13465320095982375
-16.14 64.95783405969496 27 17.1 -0.13241062555305105
-16.14 64.94886479891261 28 17.1 -0.1213655073618376
-16.14 64.93989552725375 29 17.3 -0.1000887294141222
-16.14 64.93092624471555 30 17.5 -0.10296839825143612
-16.14 64.92195695129513 31 17.7 -0.10304621192067685
-16.14 64.91298764698962 32 12.100000000000001 -0.07892372280611654
-16.14 64.91298764698962 32 17.8 -0.1074487250634469
-16.14 64.91298764698962 32 39.6 -0.11795728396377678
-16.14 64.90401833179618 33 11.8 -0.10867400041509477
-16.14 64.90401833179618 33 17.900000000000002 -0.10902887561708044
-16.14 64.90401833179618 33 40.0 -0.12183943329252457
-16.14 64.89504900571195 34 11.700000000000001 -0.13275657416642667
-16.14 64.89504900571195 34 18.1 -0.11287980467610222
-16.14 64.89504900571195 34 39.900000000000006 -0.12671546070735154
-16.14 64.88607966873406 35 11.8 -0.14311864577900393
-16.14 64.88607966873406 35 18.3 -0.10169412628938569
-16.14 64.88607966873406 35 39.7 -0.11782997873175707
-16.14 64.87711032085966 36 11.700000000000001 -0.14040904807311738
-16.14 64.87711032085966 36 18.0 -0.10311933607573863
-16.14 64.87711032085966 36 40.400000000000006 -0.0740989561021761
-16.14 64.86814096208587 37 11.700000000000001 -0.12686788177828467
-16.14 64.85917159240987 38 11.600000000000001 -0.12260042130449247
-16.14 64.85020221182876 39 11.4 -0.10396046238269446
-16.14 64.82329400462646 42 10.3 -0.07636403199148203
-16.14 64.81432458039652 43 10.3 -0.07904210258638288
-16.14 64.8 44 17.3 -0.12072041506522814
