-16.74 65.2 0 0.0
-16.74 65.2 0 0.1
-16.74 65.2 0 0.2
-16.74 65.2 0 0.30000000000000004
-16.74 65.2 0 0.4
-16.74 65.2 0 0.5
-16.74 65.2 0 0.6000000000000001
-16.74 65.2 0 0.7000000000000001
-16.74 65.2 0 0.8
-16.74 65.2 0 0.9
-16.74 65.2 0 1.0
-16.74 65.2 0 1.1
-16.74 65.2 0 1.2000000000000002
-16.74 65.2 0 1.3
-16.74 65.2 0 1.4000000000000001
-16.74 65.2 0 1.5
-16.74 65.2 0 1.6
-16.74 65.2 0 1.7000000000000002
-16.74 65.2 0 1.8
-16.74 65.2 0 1.9000000000000001
-16.74 65.2 0 2.0
-16.74 65.2 0 2.1
-16.74 65.2 0 2.2
-16.74 65.2 0 2.3000000000000003
-16.74 65.1910310317964 1 0.0
-16.74 65.1910310317964 1 0.1
-16.74 65.1910310317964 1 0.2
-16.74 65.1910310317964 1 0.30000000000000004
-16.74 65.1910310317964 1 0.4
-16.74 65.1910310317964 1 0.5
-16.74 65.1910310317964 1 0.6000000000000001
-16.74 65.1910310317964 1 0.7000000000000001
-16.74 65.1910310317964 1 0.8
-16.74 65.1910310317964 1 0.9
-16.74 65.1910310317964 1 1.0
-16.74 65.1910310317964 1 1.1
-16.74 65.1910310317964 1 1.2000000000000002
-16.74 65.1910310317964 1 1.3
-16.74 65.18206205279402 2 0.0
-16.74 65.18206205279402 2 0.1
-16.74 65.18206205279402 2 0.2
-16.74 65.18206205279402 2 0.30000000000000004
-16.74 65.12824795184385 8 0.0
-16.74 65.12824795184385 8 0.1
-16.74 65.12824795184385 8 0.2
-16.74 65.12824795184385 8 0.30000000000000004
-16.74 65.12824795184385 8 0.4
-16.74 65.11927889716921 9 0.0
-16.74 65.11927889716921 9 0.1
-16.74 65.11927889716921 9 0.2
-16.74 65.11927889716921 9 0.30000000000000004
-16.74 65.11927889716921 9 0.4
-16.74 65.11927889716921 9 0.5
-16.74 65.11927889716921 9 0.6000000000000001
-16.74 65.11927889716921 9 0.7000000000000001
-16.74 65.11927889716921 9 0.8
-16.74 65.11927889716921 9 0.9
-16.74 64.97577254864169 25 0.0
-16.74 64.9668033096037 26 0.0
-16.74 64.9668033096037 26 0.1
-16.74 64.9668033096037 26 0.2
-16.74 64.9668033096037 26 0.30000000000000004
-16.74 64.9668033096037 26 0.4
-16.74 64.9668033096037 26 0.5
-16.74 64.9668033096037 26 0.6000000000000001
-16.74 64.95783405969496 27 0.0
-16.74 64.88607966873406 35 0.0
-16.74 64.87711032085966 36 0.0
-16.74 64.87711032085966 36 0.1
-16.74 64.87711032085966 36 0.2
-16.74 64.87711032085966 36 0.30000000000000004
-16.74 64.87711032085966 36 0.4
-16.74 64.87711032085966 36 0.5
-16.74 64.87711032085966 36 0.6000000000000001
-16.74 64.87711032085966 36 0.7000000000000001
-16.74 64.87711032085966 36 0.8
-16.74 64.87711032085966 36 0.9
-16.74 64.87711032085966 36 1.0
-16.74 64.87711032085966 36 1.1
-16.74 64.86814096208587 37 0.0
-16.74 64.86814096208587 37 0.1
-16.74 64.86814096208587 37 0.2
-16.74 64.86814096208587 37 0.30000000000000004
-16.74 64.86814096208587 37 0.4
-16.74 64.86814096208587 37 0.5
-16.74 64.86814096208587 37 0.6000000000000001
-16.74 64.86814096208587 37 0.7000000000000001
-16.74 64.86814096208587 37 0.8
-16.74 64.86814096208587 37 0.9
-16.74 64.86814096208587 37 1.0
-16.74 64.86814096208587 37 1.1
-16.74 64.86814096208587 37 1.2000000000000002
-16.74 64.86814096208587 37 1.3
-16.74 64.86814096208587 37 1.4000000000000001
-16.74 64.86814096208587 37 1.5
-16.74 64.86814096208587 37 1.6
-16.74 64.86814096208587 37 1.7000000000000002
-16.74 64.86814096208587 37 1.8
-16.74 64.86814096208587 37 1.9000000000000001
-16.74 64.86814096208587 37 2.0
-16.74 64.86814096208587 37 2.1
-16.74 64.86814096208587 37 2.2
-16.74 64.86814096208587 37 2.3000000000000003
-16.74 64.85917159240987 38 0.0
-16.74 64.85917159240987 38 0.1
-16.74 64.85917159240987 38 0.2
-16.74 64.85917159240987 38 0.30000000000000004
-16.74 64.85917159240987 38 0.4
-16.74 64.85917159240987 38 0.5
-16.74 64.85917159240987 38 0.6000000000000001
-16.74 64.85917159240987 38 0.7000000000000001
-16.74 64.85917159240987 38 0.8
-16.74 64.85917159240987 38 0.9
-16.74 64.85917159240987 38 1.0
-16.74 64.85917159240987 38 1.1
-16.74 64.85917159240987 38 1.2000000000000002
-16.74 64.85917159240987 38 1.3
-16.74 64.85917159240987 38 1.4000000000000001
-16.74 64.85917159240987 38 1.5
-16.74 64.85917159240987 38 1.6
-16.74 64.85917159240987 38 1.7000000000000002
-16.74 64.85917159240987 38 1.8
-16.74 64.85917159240987 38 1.9000000000000001
-16.74 64.85917159240987 38 2.0
-16.74 64.85917159240987 38 2.1
-16.74 64.85917159240987 38 2.2
-16.74 64.85917159240987 38 2.3000000000000003
-16.74 64.85917159240987 38 2.4000000000000004
-16.74 64.85917159240987 38 2.5
-16.74 64.85917159240987 38 2.6
-16.74 64.85917159240987 38 2.7
-16.74 64.85917159240987 38 2.8000000000000003
-16.74 64.85917159240987 38 2.9000000000000004
-16.74 64.85917159240987 38 3.0
-16.74 64.85917159240987 38 3.1
-16.74 64.85917159240987 38 3.2
-16.74 64.85917159240987 38 3.3000000000000003
-16.74 64.85917159240987 38 3.4000000000000004
-16.74 64.85020221182876 39 0.0
-16.74 64.85020221182876 39 0.1
-16.74 64.85020221182876 39 0.2
-16.74 64.85020221182876 39 0.30000000000000004
-16.74 64.85020221182876 39 0.4
-16.74 64.85020221182876 39 0.5
-16.74 64.85020221182876 39 0.6000000000000001
-16.74 64.85020221182876 39 0.7000000000000001
-16.74 64.85020221182876 39 0.8
-16.74 64.85020221182876 39 0.9
-16.74 64.85020221182876 39 1.0
-16.74 64.85020221182876 39 1.1
-16.74 64.85020221182876 39 1.2000000000000002
-16.74 64.85020221182876 39 1.3
-16.74 64.85020221182876 39 1.4000000000000001
-16.74 64.85020221182876 39 1.5
-16.74 64.85020221182876 39 1.6
-16.74 64.85020221182876 39 1.7000000000000002
-16.74 64.85020221182876 39 1.8
-16.74 64.85020221182876 39 1.9000000000000001
-16.74 64.85020221182876 39 2.0
-16.74 64.85020221182876 39 2.1
-16.74 64.85020221182876 39 2.2
-16.74 64.85020221182876 39 2.3000000000000003
-16.74 64.85020221182876 39 2.4000000000000004
-16.74 64.85020221182876 39 2.5
-16.74 64.85020221182876 39 2.6
-16.74 64.85020221182876 39 2.7
-16.74 64.85020221182876 39 2.8000000000000003
-16.74 64.85020221182876 39 2.9000000000000004
-16.74 64.85020221182876 39 3.0
-16.74 64.85020221182876 39 3.1
-16.74 64.85020221182876 39 3.2
-16.74 64.85020221182876 39 3.3000000000000003
-16.74 64.85020221182876 39 3.4000000000000004
-16.74 64.85020221182876 39 3.5
-16.74 64.85020221182876 39 3.6
-16.74 64.85020221182876 39 3.7
-16.74 64.85020221182876 39 3.8000000000000003
-16.74 64.85020221182876 39 3.9000000000000004
-16.74 64.85020221182876 39 4.0
-16.74 64.85020221182876 39 4.1000000000000005
-16.74 64.85020221182876 39 4.2
-16.74 64.85020221182876 39 4.3
-16.74 64.85020221182876 39 4.4
-16.74 64.85020221182876 39 4.5
-16.74 64.84123282033974 40 0.0
-16.74 64.84123282033974 40 0.1
-16.74 64.84123282033974 40 0.2
-16.74 64.84123282033974 40 0.30000000000000004
-16.74 64.84123282033974 40 0.4
-16.74 64.84123282033974 40 0.5
-16.74 64.84123282033974 40 0.6000000000000001
-16.74 64.84123282033974 40 0.7000000000000001
-16.74 64.84123282033974 40 0.8
-16.74 64.84123282033974 40 0.9
-16.74 64.84123282033974 40 1.0
-16.74 64.84123282033974 40 1.1
-16.74 64.84123282033974 40 1.2000000000000002
-16.74 64.84123282033974 40 1.3
-16.74 64.84123282033974 40 1.4000000000000001
-16.74 64.84123282033974 40 1.5
-16.74 64.84123282033974 40 1.6
-16.74 64.84123282033974 40 1.7000000000000002
-16.74 64.84123282033974 40 1.8
-16.74 64.84123282033974 40 1.9000000000000001
-16.74 64.84123282033974 40 2.0
-16.74 64.84123282033974 40 2.1
-16.74 64.84123282033974 40 2.2
-16.74 64.84123282033974 40 2.3000000000000003
-16.74 64.84123282033974 40 2.4000000000000004
-16.74 64.84123282033974 40 2.5
-16.74 64.84123282033974 40 2.6
-16.74 64.84123282033974 40 2.7
-16.74 64.84123282033974 40 2.8000000000000003
-16.74 64.84123282033974 40 2.9000000000000004
-16.74 64.84123282033974 40 3.0
-16.74 64.84123282033974 40 3.1
-16.74 64.84123282033974 40 3.2
-16.74 64.84123282033974 40 3.3000000000000003
-16.74 64.84123282033974 40 3.4000000000000004
-16.74 64.84123282033974 40 3.5
-16.74 64.84123282033974 40 3.6
-16.74 64.84123282033974 40 3.7
-16.74 64.84123282033974 40 3.8000000000000003
-16.74 64.84123282033974 40 3.9000000000000004
-16.74 64.84123282033974 40 4.0
-16.74 64.84123282033974 40 4.1000000000000005
-16.74 64.84123282033974 40 4.2
-16.74 64.84123282033974 40 4.3
-16.74 64.84123282033974 40 4.4
-16.74 64.84123282033974 40 4.5
-16.74 64.84123282033974 40 4.6000000000000005
-16.74 64.84123282033974 40 4.7
-16.74 64.84123282033974 40 4.800000000000001
-16.74 64.84123282033974 40 4.9
-16.74 64.84123282033974 40 5.0
-16.74 64.84123282033974 40 5.1000000000000005
-16.74 64.84123282033974 40 5.2
-16.74 64.84123282033974 40 5.300000000000001
-16.74 64.84123282033974 40 5.4
-16.74 64.84123282033974 40 5.5
-16.74 64.84123282033974 40 5.6000000000000005
-16.74 64.83226341793991 41 0.0
-16.74 64.83226341793991 41 0.1
-16.74 64.83226341793991 41 0.2
-16.74 64.83226341793991 41 0.30000000000000004
-16.74 64.83226341793991 41 0.4
-16.74 64.83226341793991 41 0.5
-16.74 64.83226341793991 41 0.6000000000000001
-16.74 64.83226341793991 41 0.7000000000000001
-16.74 64.83226341793991 41 0.8
-16.74 64.83226341793991 41 0.9
-16.74 64.83226341793991 41 1.0
-16.74 64.83226341793991 41 1.1
-16.74 64.83226341793991 41 1.2000000000000002
-16.74 64.83226341793991 41 1.3
-16.74 64.83226341793991 41 1.4000000000000001
-16.74 64.83226341793991 41 1.5
-16.74 64.83226341793991 41 1.6
-16.74 64.83226341793991 41 1.7000000000000002
-16.74 64.83226341793991 41 1.8
-16.74 64.83226341793991 41 1.9000000000000001
-16.74 64.83226341793991 41 2.0
-16.74 64.83226341793991 41 2.1
-16.74 64.83226341793991 41 2.2
-16.74 64.83226341793991 41 2.3000000000000003
-16.74 64.83226341793991 41 2.4000000000000004
-16.74 64.83226341793991 41 2.5
-16.74 64.83226341793991 41 2.6
-16.74 64.83226341793991 41 2.7
-16.74 64.83226341793991 41 2.8000000000000003
-16.74 64.83226341793991 41 2.9000000000000004
-16.74 64.83226341793991 41 3.0
-16.74 64.83226341793991 41 3.1
-16.74 64.83226341793991 41 3.2
-16.74 64.83226341793991 41 3.3000000000000003
-16.74 64.83226341793991 41 3.4000000000000004
-16.74 64.83226341793991 41 3.5
-16.74 64.83226341793991 41 3.6
-16.74 64.83226341793991 41 3.7
-16.74 64.83226341793991 41 3.8000000000000003
-16.74 64.83226341793991 41 3.9000000000000004
-16.74 64.83226341793991 41 4.0
-16.74 64.83226341793991 41 4.1000000000000005
-16.74 64.83226341793991 41 4.2
-16.74 64.83226341793991 41 4.3
-16.74 64.83226341793991 41 4.4
-16.74 64.83226341793991 41 4.5
-16.74 64.83226341793991 41 4.6000000000000005
-16.74 64.83226341793991 41 4.7
-16.74 64.83226341793991 41 4.800000000000001
-16.74 64.83226341793991 41 4.9
-16.74 64.83226341793991 41 5.0
-16.74 64.83226341793991 41 5.1000000000000005
-16.74 64.83226341793991 41 5.2
-16.74 64.83226341793991 41 5.300000000000001
-16.74 64.83226341793991 41 5.4
-16.74 64.83226341793991 41 5.5
-16.74 64.83226341793991 41 5.6000000000000005
-16.74 64.83226341793991 41 5.7
-16.74 64.83226341793991 41 5.800000000000001
-16.74 64.83226341793991 41 5.9
-16.74 64.83226341793991 41 6.0
-16.74 64.83226341793991 41 6.1000000000000005
-16.74 64.83226341793991 41 6.2
-16.74 64.83226341793991 41 6.300000000000001
-16.74 64.83226341793991 41 6.4
-16.74 64.83226341793991 41 6.5
-16.74 64.83226341793991 41 6.6000000000000005
-16.74 64.82329400462646 42 0.0
-16.74 64.82329400462646 42 0.1
-16.74 64.82329400462646 42 0.2
-16.74 64.82329400462646 42 0.30000000000000004
-16.74 64.82329400462646 42 0.4
-16.74 64.82329400462646 42 0.5
-16.74 64.82329400462646 42 0.6000000000000001
-16.74 64.82329400462646 42 0.7000000000000001
-16.74 64.82329400462646 42 0.8
-16.74 64.82329400462646 42 0.9
-16.74 64.82329400462646 42 1.0
-16.74 64.82329400462646 42 1.1
-16.74 64.82329400462646 42 1.2000000000000002
-16.74 64.82329400462646 42 1.3
-16.74 64.82329400462646 42 1.4000000000000001
-16.74 64.82329400462646 42 1.5
-16.74 64.82329400462646 42 1.6
-16.74 64.82329400462646 42 1.7000000000000002
-16.74 64.82329400462646 42 1.8
-16.74 64.82329400462646 42 1.9000000000000001
-16.74 64.82329400462646 42 2.0
-16.74 64.82329400462646 42 2.1
-16.74 64.82329400462646 42 2.2
-16.74 64.82329400462646 42 2.3000000000000003
-16.74 64.82329400462646 42 2.4000000000000004
-16.74 64.82329400462646 42 2.5
-16.74 64.82329400462646 42 2.6
-16.74 64.82329400462646 42 2.7
-16.74 64.82329400462646 42 2.8000000000000003
-16.74 64.82329400462646 42 2.9000000000000004
-16.74 64.82329400462646 42 3.0
-16.74 64.82329400462646 42 3.1
-16.74 64.82329400462646 42 3.2
-16.74 64.82329400462646 42 3.3000000000000003
-16.74 64.82329400462646 42 3.4000000000000004
-16.74 64.82329400462646 42 3.5
-16.74 64.82329400462646 42 3.6
-16.74 64.82329400462646 42 3.7
-16.74 64.82329400462646 42 3.8000000000000003
-16.74 64.82329400462646 42 3.9000000000000004
-16.74 64.82329400462646 42 4.0
-16.74 64.82329400462646 42 4.1000000000000005
-16.74 64.82329400462646 42 4.2
-16.74 64.82329400462646 42 4.3
-16.74 64.82329400462646 42 4.4
-16.74 64.82329400462646 42 4.5
-16.74 64.82329400462646 42 4.6000000000000005
-16.74 64.82329400462646 42 4.7
-16.74 64.82329400462646 42 4.800000000000001
-16.74 64.82329400462646 42 4.9
-16.74 64.82329400462646 42 5.0
-16.74 64.82329400462646 42 5.1000000000000005
-16.74 64.82329400462646 42 5.2
-16.74 64.82329400462646 42 5.300000000000001
-16.74 64.82329400462646 42 5.4
-16.74 64.82329400462646 42 5.5
-16.74 64.82329400462646 42 5.6000000000000005
-16.74 64.82329400462646 42 5.7
-16.74 64.82329400462646 42 5.800000000000001
-16.74 64.82329400462646 42 5.9
-16.74 64.82329400462646 42 6.0
-16.74 64.82329400462646 42 6.1000000000000005
-16.74 64.82329400462646 42 6.2
-16.74 64.82329400462646 42 6.300000000000001
-16.74 64.82329400462646 42 6.4
-16.74 64.82329400462646 42 6.5
-16.74 64.82329400462646 42 6.6000000000000005
-16.74 64.82329400462646 42 6.7
-16.74 64.82329400462646 42 6.800000000000001
-16.74 64.82329400462646 42 6.9
-16.74 64.82329400462646 42 7.0
-16.74 64.82329400462646 42 7.1000000000000005
-16.74 64.82329400462646 42 7.2
-16.74 64.82329400462646 42 7.300000000000001
-16.74 64.82329400462646 42 7.4
-16.74 64.82329400462646 42 7.5
-16.74 64.82329400462646 42 7.6000000000000005
-16.74 64.81432458039652 43 0.0
-16.74 64.81432458039652 43 0.1
-16.74 64.81432458039652 43 0.2
-16.74 64.81432458039652 43 0.30000000000000004
-16.74 64.81432458039652 43 0.4
-16.74 64.81432458039652 43 0.5
-16.74 64.81432458039652 43 0.6000000000000001
-16.74 64.81432458039652 43 0.7000000000000001
-16.74 64.81432458039652 43 0.8
-16.74 64.81432458039652 43 0.9
-16.74 64.81432458039652 43 1.0
-16.74 64.81432458039652 43 1.1
-16.74 64.81432458039652 43 1.2000000000000002
-16.74 64.81432458039652 43 1.3
-16.74 64.81432458039652 43 1.4000000000000001
-16.74 64.81432458039652 43 1.5
-16.74 64.81432458039652 43 1.6
-16.74 64.81432458039652 43 1.7000000000000002
-16.74 64.81432458039652 43 1.8
-16.74 64.81432458039652 43 1.9000000000000001
-16.74 64.81432458039652 43 2.0
-16.74 64.81432458039652 43 2.1
-16.74 64.81432458039652 43 2.2
-16.74 64.81432458039652 43 2.3000000000000003
-16.74 64.81432458039652 43 2.4000000000000004
-16.74 64.81432458039652 43 2.5
-16.74 64.81432458039652 43 2.6
-16.74 64.81432458039652 43 2.7
-16.74 64.81432458039652 43 2.8000000000000003
-16.74 64.81432458039652 43 2.9000000000000004
-16.74 64.81432458039652 43 3.0
-16.74 64.81432458039652 43 3.1
-16.74 64.81432458039652 43 3.2
-16.74 64.81432458039652 43 3.3000000000000003
-16.74 64.81432458039652 43 3.4000000000000004
-16.74 64.81432458039652 43 3.5
-16.74 64.81432458039652 43 3.6
-16.74 64.81432458039652 43 3.7
-16.74 64.81432458039652 43 3.8000000000000003
-16.74 64.81432458039652 43 3.9000000000000004
-16.74 64.81432458039652 43 4.0
-16.74 64.81432458039652 43 4.1000000000000005
-16.74 64.81432458039652 43 4.2
-16.74 64.81432458039652 43 4.3
-16.74 64.81432458039652 43 4.4
-16.74 64.81432458039652 43 4.5
-16.74 64.81432458039652 43 4.6000000000000005
-16.74 64.81432458039652 43 4.7
-16.74 64.81432458039652 43 4.800000000000001
-16.74 64.81432458039652 43 4.9
-16.74 64.81432458039652 43 5.0
-16.74 64.81432458039652 43 5.1000000000000005
-16.74 64.81432458039652 43 5.2
-16.74 64.81432458039652 43 5.300000000000001
-16.74 64.81432458039652 43 5.4
-16.74 64.81432458039652 43 5.5
-16.74 64.81432458039652 43 5.6000000000000005
-16.74 64.81432458039652 43 5.7
-16.74 64.81432458039652 43 5.800000000000001
-16.74 64.81432458039652 43 5.9
-16.74 64.81432458039652 43 6.0
-16.74 64.81432458039652 43 6.1000000000000005
-16.74 64.81432458039652 43 6.2
-16.74 64.81432458039652 43 6.300000000000001
-16.74 64.81432458039652 43 6.4
-16.74 64.81432458039652 43 6.5
-16.74 64.81432458039652 43 6.6000000000000005
-16.74 64.81432458039652 43 6.7
-16.74 64.81432458039652 43 6.800000000000001
-16.74 64.81432458039652 43 6.9
-16.74 64.81432458039652 43 7.0
-16.74 64.81432458039652 43 7.1000000000000005
-16.74 64.81432458039652 43 7.2
-16.74 64.81432458039652 43 7.300000000000001
-16.74 64.81432458039652 43 7.4
-16.74 64.81432458039652 43 7.5
-16.74 64.81432458039652 43 7.6000000000000005
-16.74 64.81432458039652 43 7.7
-16.74 64.81432458039652 43 7.800000000000001
-16.74 64.81432458039652 43 7.9
-16.74 64.81432458039652 43 8.0
-16.74 64.81432458039652 43 8.1
-16.74 64.81432458039652 43 8.200000000000001
-16.74 64.81432458039652 43 8.3
-16.74 64.81432458039652 43 8.4
-16.74 64.81432458039652 43 8.5
-16.74 64.81432458039652 43 8.6
-16.74 64.8 44 0.0
-16.74 64.8 44 0.1
-16.74 64.8 44 0.2
-16.74 64.8 44 0.30000000000000004
-16.74 64.8 44 0.4
-16.74 64.8 44 0.5
-16.74 64.8 44 0.6000000000000001
-16.74 64.8 44 0.7000000000000001
-16.74 64.8 44 0.8
-16.74 64.8 44 0.9
-16.74 64.8 44 1.0
-16.74 64.8 44 1.1
-16.74 64.8 44 1.2000000000000002
-16.74 64.8 44 1.3
-16.74 64.8 44 1.4000000000000001
-16.74 64.8 44 1.5
-16.74 64.8 44 1.6
-16.74 64.8 44 1.7000000000000002
-16.74 64.8 44 1.8
-16.74 64.8 44 1.9000000000000001
-16.74 64.8 44 2.0
-16.74 64.8 44 2.1
-16.74 64.8 44 2.2
-16.74 64.8 44 2.3000000000000003
-16.74 64.8 44 2.4000000000000004
-16.74 64.8 44 2.5
-16.74 64.8 44 2.6
-16.74 64.8 44 2.7
-16.74 64.8 44 2.8000000000000003
-16.74 64.8 44 2.9000000000000004
-16.74 64.8 44 3.0
-16.74 64.8 44 3.1
-16.74 64.8 44 3.2
-16.74 64.8 44 3.3000000000000003
-16.74 64.8 44 3.4000000000000004
-16.74 64.8 44 3.5
-16.74 64.8 44 3.6
-16.74 64.8 44 3.7
-16.74 64.8 44 3.8000000000000003
-16.74 64.8 44 3.9000000000000004
-16.74 64.8 44 4.0
-16.74 64.8 44 4.1000000000000005
-16.74 64.8 44 4.2
-16.74 64.8 44 4.3
-16.74 64.8 44 4.4
-16.74 64.8 44 4.5
-16.74 64.8 44 4.6000000000000005
-16.74 64.8 44 4.7
-16.74 64.8 44 4.800000000000001
-16.74 64.8 44 4.9
-16.74 64.8 44 5.0
-16.74 64.8 44 5.1000000000000005
-16.74 64.8 44 5.2
-16.74 64.8 44 5.300000000000001
-16.74 64.8 44 5.4
-16.74 64.8 44 5.5
-16.74 64.8 44 5.6000000000000005
-16.74 64.8 44 5.7
-16.74 64.8 44 5.800000000000001
-16.74 64.8 44 5.9
-16.74 64.8 44 6.0
-16.74 64.8 44 6.1000000000000005
-16.74 64.8 44 6.2
-16.74 64.8 44 6.300000000000001
-16.74 64.8 44 6.4
-16.74 64.8 44 6.5
-16.74 64.8 44 6.6000000000000005
-16.74 64.8 44 6.7
-16.74 64.8 44 6.800000000000001
-16.74 64.8 44 6.9
-16.74 64.8 44 7.0
-16.74 64.8 44 7.1000000000000005
-16.74 64.8 44 7.2
-16.74 64.8 44 7.300000000000001
-16.74 64.8 44 7.4
-16.74 64.8 44 7.5
-16.74 64.8 44 7.6000000000000005
-16.74 64.8 44 7.7
-16.74 64.8 44 7.800000000000001
-16.74 64.8 44 7.9
-16.74 64.8 44 8.0
-16.74 64.8 44 8.1
-16.74 64.8 44 8.200000000000001
-16.74 64.8 44 8.3
-16.74 64.8 44 8.4
-16.74 64.8 44 8.5
-16.74 64.8 44 8.6
-16.74 64.8 44 8.700000000000001
-16.74 64.8 44 8.8
-16.74 64.8 44 8.9
-16.74 64.8 44 9.0
-16.74 64.8 44 9.1
-16.74 64.8 44 9.200000000000001
-16.74 64.8 44 9.3
-16.74 64.8 44 9.4
-16.74 64.8 44 9.5
-16.74 64.8 44 9.600000000000001
-16.74 64.8 44 9.700000000000001
-16.74 64.8 44 9.8
-16.74 64.8 44 9.9
-16.74 64.8 44 10.0
-16.74 64.8 44 10.100000000000001
