-17.14 64.95 0 0.0
-17.14 64.95 0 0.1
-17.14 64.95 0 0.2
-17.14 64.95 0 0.30000000000000004
-17.14 64.95 0 0.4
-17.14 64.95 0 0.5
-17.14 64.95 0 0.6000000000000001
-17.14 64.95 0 0.7000000000000001
-17.14 64.95 0 0.8
-17.14 64.95 0 0.9
-17.14 64.95 0 1.0
-17.14 64.95 0 1.1
-17.14 64.95 0 1.2000000000000002
-17.14 64.95 0 1.3
-17.14 64.95 0 1.4000000000000001
-17.14 64.95 0 1.5
-17.14 64.95 0 1.6
-17.14 64.95 0 1.7000000000000002
-17.14 64.95 0 1.8
-17.14 64.95 0 1.9000000000000001
-17.14 64.95 0 2.0
-17.14 64.95 0 2.1
-17.14 64.95 0 2.2
-17.14 64.95 0 2.3000000000000003
-17.14 64.95 0 2.4000000000000004
-17.14 64.95 0 2.5
-17.14 64.95 0 2.6
-17.14 64.95 0 2.7
-17.14 64.95 0 2.8000000000000003
-17.14 64.95 0 2.9000000000000004
-17.14 64.95 0 3.0
-17.14 64.95 0 3.1
-17.14 64.95 0 3.2
-17.14 64.95 0 3.3000000000000003
-17.14 64.95 0 3.4000000000000004
-17.14 64.95 0 3.5
-17.14 64.95 0 3.6
-17.14 64.95 0 3.7
-17.14 64.95 0 3.8000000000000003
-17.14 64.95 0 3.9000000000000004
-17.14 64.95 0 4.0
-17.14 64.95 0 4.1000000000000005
-17.14 64.95 0 4.2
-17.14 64.95 0 4.3
-17.14 64.95 0 4.4
-17.14 64.95 0 4.5
-17.14 64.95 0 4.6000000000000005
-17.14 64.95 0 4.7
-17.14 64.95 0 4.800000000000001
-17.14 64.95 0 4.9
-17.14 64.95 0 5.0
-17.14 64.95 0 5.1000000000000005
-17.14 64.95 0 5.2
-17.14 64.95 0 5.300000000000001
-17.14 64.95 0 5.4
-17.14 64.95 0 5.5
-17.14 64.95 0 5.6000000000000005
-17.14 64.95 0 5.7
-17.14 64.95 0 5.800000000000001
-17.14 64.95 0 5.9
-17.14 64.95 0 6.0
-17.14 64.95 0 6.1000000000000005
-17.14 64.95 0 6.2
-17.14 64.95 0 6.300000000000001
-17.14 64.95 0 6.4
-17.14 64.95 0 6.5
-17.14 64.95 0 6.6000000000000005
-17.14 64.95 0 6.7
-17.14 64.95 0 6.800000000000001
-17.14 64.95 0 6.9
-17.14 64.95 0 7.0
-17.14 64.95 0 7.1000000000000005
-17.118842716238365 64.95006940865085 1 0.0
-17.118842716238365 64.95006940865085 1 0.1
-17.118842716238365 64.95006940865085 1 0.2
-17.118842716238365 64.95006940865085 1 0.30000000000000004
-17.118842716238365 64.95006940865085 1 0.4
-17.118842716238365 64.95006940865085 1 0.5
-17.118842716238365 64.95006940865085 1 0.6000000000000001
-17.118842716238365 64.95006940865085 1 0.7000000000000001
-17.118842716238365 64.95006940865085 1 0.8
-17.118842716238365 64.95006940865085 1 0.9
-17.118842716238365 64.95006940865085 1 1.0
-17.118842716238365 64.95006940865085 1 1.1
-17.118842716238365 64.95006940865085 1 1.2000000000000002
-17.118842716238365 64.95006940865085 1 1.3
-17.118842716238365 64.95006940865085 1 1.4000000000000001
-17.118842716238365 64.95006940865085 1 1.5
-17.118842716238365 64.95006940865085 1 1.6
-17.118842716238365 64.95006940865085 1 1.7000000000000002
-17.118842716238365 64.95006940865085 1 1.8
-17.118842716238365 64.95006940865085 1 1.9000000000000001
-17.118842716238365 64.95006940865085 1 2.0
-17.118842716238365 64.95006940865085 1 2.1
-17.118842716238365 64.95006940865085 1 2.2
-17.118842716238365 64.95006940865085 1 2.3000000000000003
-17.118842716238365 64.95006940865085 1 2.4000000000000004
-17.118842716238365 64.95006940865085 1 2.5
-17.118842716238365 64.95006940865085 1 2.6
-17.118842716238365 64.95006940865085 1 2.7
-17.118842716238365 64.95006940865085 1 2.8000000000000003
-17.118842716238365 64.95006940865085 1 2.9000000000000004
-17.118842716238365 64.95006940865085 1 3.0
-17.118842716238365 64.95006940865085 1 3.1
-17.118842716238365 64.95006940865085 1 3.2
-17.118842716238365 64.95006940865085 1 3.3000000000000003
-17.118842716238365 64.95006940865085 1 3.4000000000000004
-17.118842716238365 64.95006940865085 1 3.5
-17.118842716238365 64.95006940865085 1 3.6
-17.118842716238365 64.95006940865085 1 3.7
-17.118842716238365 64.95006940865085 1 3.8000000000000003
-17.118842716238365 64.95006940865085 1 3.9000000000000004
-17.118842716238365 64.95006940865085 1 4.0
-17.118842716238365 64.95006940865085 1 4.1000000000000005
-17.118842716238365 64.95006940865085 1 4.2
-17.118842716238365 64.95006940865085 1 4.3
-17.118842716238365 64.95006940865085 1 4.4
-17.118842716238365 64.95006940865085 1 4.5
-17.118842716238365 64.95006940865085 1 4.6000000000000005
-17.118842716238365 64.95006940865085 1 4.7
-17.118842716238365 64.95006940865085 1 4.800000000000001
-17.118842716238365 64.95006940865085 1 4.9
-17.118842716238365 64.95006940865085 1 5.0
-17.118842716238365 64.95006940865085 1 5.1000000000000005
-17.118842716238365 64.95006940865085 1 5.2
-17.118842716238365 64.95006940865085 1 5.300000000000001
-17.118842716238365 64.95006940865085 1 5.4
-17.118842716238365 64.95006940865085 1 5.5
-17.118842716238365 64.95006940865085 1 5.6000000000000005
-17.118842716238365 64.95006940865085 1 5.7
-17.118842716238365 64.95006940865085 1 5.800000000000001
-17.118842716238365 64.95006940865085 1 5.9
-17.118842716238365 64.95006940865085 1 6.0
-17.118842716238365 64.95006940865085 1 6.1000000000000005
-17.118842716238365 64.95006940865085 1 6.2
-17.0976853252982 64.95013581688275 2 0.0
-17.0976853252982 64.95013581688275 2 0.1
-17.0976853252982 64.95013581688275 2 0.2
-17.0976853252982 64.95013581688275 2 0.30000000000000004
-17.0976853252982 64.95013581688275 2 0.4
-17.0976853252982 64.95013581688275 2 0.5
-17.0976853252982 64.95013581688275 2 0.6000000000000001
-17.0976853252982 64.95013581688275 2 0.7000000000000001
-17.0976853252982 64.95013581688275 2 0.8
-17.0976853252982 64.95013581688275 2 0.9
-17.0976853252982 64.95013581688275 2 1.0
-17.0976853252982 64.95013581688275 2 1.1
-17.0976853252982 64.95013581688275 2 1.2000000000000002
-17.0976853252982 64.95013581688275 2 1.3
-17.0976853252982 64.95013581688275 2 1.4000000000000001
-17.0976853252982 64.95013581688275 2 1.5
-17.0976853252982 64.95013581688275 2 1.6
-17.0976853252982 64.95013581688275 2 1.7000000000000002
-17.0976853252982 64.95013581688275 2 1.8
-17.0976853252982 64.95013581688275 2 1.9000000000000001
-17.0976853252982 64.95013581688275 2 2.0
-17.0976853252982 64.95013581688275 2 2.1
-17.0976853252982 64.95013581688275 2 2.2
-17.0976853252982 64.95013581688275 2 2.3000000000000003
-17.0976853252982 64.95013581688275 2 2.4000000000000004
-17.0976853252982 64.95013581688275 2 2.5
-17.0976853252982 64.95013581688275 2 2.6
-17.0976853252982 64.95013581688275 2 2.7
-17.0976853252982 64.95013581688275 2 2.8000000000000003
-17.0976853252982 64.95013581688275 2 2.9000000000000004
-17.0976853252982 64.95013581688275 2 3.0
-17.0976853252982 64.95013581688275 2 3.1
-17.0976853252982 64.95013581688275 2 3.2
-17.0976853252982 64.95013581688275 2 3.3000000000000003
-17.0976853252982 64.95013581688275 2 3.4000000000000004
-17.0976853252982 64.95013581688275 2 3.5
-17.0976853252982 64.95013581688275 2 3.6
-17.0976853252982 64.95013581688275 2 3.7
-17.0976853252982 64.95013581688275 2 3.8000000000000003
-17.0976853252982 64.95013581688275 2 3.9000000000000004
-17.0976853252982 64.95013581688275 2 4.0
-17.0976853252982 64.95013581688275 2 4.1000000000000005
-17.0976853252982 64.95013581688275 2 4.2
-17.0976853252982 64.95013581688275 2 4.3
-17.0976853252982 64.95013581688275 2 4.4
-17.0976853252982 64.95013581688275 2 4.5
-17.0976853252982 64.95013581688275 2 4.6000000000000005
-17.0976853252982 64.95013581688275 2 4.7
-17.0976853252982 64.95013581688275 2 4.800000000000001
-17.0976853252982 64.95013581688275 2 4.9
-17.0976853252982 64.95013581688275 2 5.0
-17.0976853252982 64.95013581688275 2 5.1000000000000005
-17.0976853252982 64.95013581688275 2 5.2
-17.0976853252982 64.95013581688275 2 5.300000000000001
-17.0976853252982 64.95013581688275 2 5.4
-17.07652783191421 64.9501992246719 3 0.0
-17.07652783191421 64.9501992246719 3 0.1
-17.07652783191421 64.9501992246719 3 0.2
-17.07652783191421 64.9501992246719 3 0.30000000000000004
-17.07652783191421 64.9501992246719 3 0.4
-17.07652783191421 64.9501992246719 3 0.5
-17.07652783191421 64.9501992246719 3 0.6000000000000001
-17.07652783191421 64.9501992246719 3 0.7000000000000001
-17.07652783191421 64.9501992246719 3 0.8
-17.07652783191421 64.9501992246719 3 0.9
-17.07652783191421 64.9501992246719 3 1.0
-17.07652783191421 64.9501992246719 3 1.1
-17.07652783191421 64.9501992246719 3 1.2000000000000002
-17.07652783191421 64.9501992246719 3 1.3
-17.07652783191421 64.9501992246719 3 1.4000000000000001
-17.07652783191421 64.9501992246719 3 1.5
-17.07652783191421 64.9501992246719 3 1.6
-17.07652783191421 64.9501992246719 3 1.7000000000000002
-17.07652783191421 64.9501992246719 3 1.8
-17.07652783191421 64.9501992246719 3 1.9000000000000001
-17.07652783191421 64.9501992246719 3 2.0
-17.07652783191421 64.9501992246719 3 2.1
-17.07652783191421 64.9501992246719 3 2.2
-17.07652783191421 64.9501992246719 3 2.3000000000000003
-17.07652783191421 64.9501992246719 3 2.4000000000000004
-17.07652783191421 64.9501992246719 3 2.5
-17.07652783191421 64.9501992246719 3 2.6
-17.07652783191421 64.9501992246719 3 2.7
-17.07652783191421 64.9501992246719 3 2.8000000000000003
-17.07652783191421 64.9501992246719 3 2.9000000000000004
-17.07652783191421 64.9501992246719 3 3.0
-17.07652783191421 64.9501992246719 3 3.1
-17.07652783191421 64.9501992246719 3 3.2
-17.07652783191421 64.9501992246719 3 3.3000000000000003
-17.07652783191421 64.9501992246719 3 3.4000000000000004
-17.07652783191421 64.9501992246719 3 3.5
-17.07652783191421 64.9501992246719 3 3.6
-17.07652783191421 64.9501992246719 3 3.7
-17.07652783191421 64.9501992246719 3 3.8000000000000003
-17.07652783191421 64.9501992246719 3 3.9000000000000004
-17.07652783191421 64.9501992246719 3 4.0
-17.07652783191421 64.9501992246719 3 4.1000000000000005
-17.07652783191421 64.9501992246719 3 4.2
-17.07652783191421 64.9501992246719 3 4.3
-17.07652783191421 64.9501992246719 3 4.4
-17.07652783191421 64.9501992246719 3 4.5
-17.07652783191421 64.9501992246719 3 4.6000000000000005
-17.07652783191421 64.9501992246719 3 4.7
-17.055370240821244 64.95025963199552 4 0.0
-17.055370240821244 64.95025963199552 4 0.1
-17.055370240821244 64.95025963199552 4 0.2
-17.055370240821244 64.95025963199552 4 0.30000000000000004
-17.055370240821244 64.95025963199552 4 0.4
-17.055370240821244 64.95025963199552 4 0.5
-17.055370240821244 64.95025963199552 4 0.6000000000000001
-17.055370240821244 64.95025963199552 4 0.7000000000000001
-17.055370240821244 64.95025963199552 4 0.8
-17.055370240821244 64.95025963199552 4 0.9
-17.055370240821244 64.95025963199552 4 1.0
-17.055370240821244 64.95025963199552 4 1.1
-17.055370240821244 64.95025963199552 4 1.2000000000000002
-17.055370240821244 64.95025963199552 4 1.3
-17.055370240821244 64.95025963199552 4 1.4000000000000001
-17.055370240821244 64.95025963199552 4 1.5
-17.055370240821244 64.95025963199552 4 1.6
-17.055370240821244 64.95025963199552 4 1.7000000000000002
-17.055370240821244 64.95025963199552 4 1.8
-17.055370240821244 64.95025963199552 4 1.9000000000000001
-17.055370240821244 64.95025963199552 4 2.0
-17.055370240821244 64.95025963199552 4 2.1
-17.055370240821244 64.95025963199552 4 2.2
-17.055370240821244 64.95025963199552 4 2.3000000000000003
-17.055370240821244 64.95025963199552 4 2.4000000000000004
-17.055370240821244 64.95025963199552 4 2.5
-17.055370240821244 64.95025963199552 4 2.6
-17.055370240821244 64.95025963199552 4 2.7
-17.055370240821244 64.95025963199552 4 2.8000000000000003
-17.055370240821244 64.95025963199552 4 2.9000000000000004
-17.055370240821244 64.95025963199552 4 3.0
-17.055370240821244 64.95025963199552 4 3.1
-17.055370240821244 64.95025963199552 4 3.2
-17.055370240821244 64.95025963199552 4 3.3000000000000003
-17.055370240821244 64.95025963199552 4 3.4000000000000004
-17.055370240821244 64.95025963199552 4 3.5
-17.055370240821244 64.95025963199552 4 3.6
-17.055370240821244 64.95025963199552 4 3.7
-17.055370240821244 64.95025963199552 4 3.8000000000000003
-17.055370240821244 64.95025963199552 4 3.9000000000000004
-17.055370240821244 64.95025963199552 4 4.0
-17.034212556754294 64.95031703883193 5 0.0
-17.034212556754294 64.95031703883193 5 0.1
-17.034212556754294 64.95031703883193 5 0.2
-17.034212556754294 64.95031703883193 5 0.30000000000000004
-17.034212556754294 64.95031703883193 5 0.4
-17.034212556754294 64.95031703883193 5 0.5
-17.034212556754294 64.95031703883193 5 0.6000000000000001
-17.034212556754294 64.95031703883193 5 0.7000000000000001
-17.034212556754294 64.95031703883193 5 0.8
-17.034212556754294 64.95031703883193 5 0.9
-17.034212556754294 64.95031703883193 5 1.0
-17.034212556754294 64.95031703883193 5 1.1
-17.034212556754294 64.95031703883193 5 1.2000000000000002
-17.034212556754294 64.95031703883193 5 1.3
-17.034212556754294 64.95031703883193 5 1.4000000000000001
-17.034212556754294 64.95031703883193 5 1.5
-17.034212556754294 64.95031703883193 5 1.6
-17.034212556754294 64.95031703883193 5 1.7000000000000002
-17.034212556754294 64.95031703883193 5 1.8
-17.034212556754294 64.95031703883193 5 1.9000000000000001
-17.034212556754294 64.95031703883193 5 2.0
-17.034212556754294 64.95031703883193 5 2.1
-17.034212556754294 64.95031703883193 5 2.2
-17.034212556754294 64.95031703883193 5 2.3000000000000003
-17.034212556754294 64.95031703883193 5 2.4000000000000004
-17.034212556754294 64.95031703883193 5 2.5
-17.034212556754294 64.95031703883193 5 2.6
-17.034212556754294 64.95031703883193 5 2.7
-17.034212556754294 64.95031703883193 5 2.8000000000000003
-17.034212556754294 64.95031703883193 5 2.9000000000000004
-17.034212556754294 64.95031703883193 5 3.0
-17.034212556754294 64.95031703883193 5 3.1
-17.034212556754294 64.95031703883193 5 3.2
-17.034212556754294 64.95031703883193 5 3.3000000000000003
-17.034212556754294 64.95031703883193 5 3.4000000000000004
-17.01305478444848 64.9503714451605 6 0.0
-17.01305478444848 64.9503714451605 6 0.1
-17.01305478444848 64.9503714451605 6 0.2
-17.01305478444848 64.9503714451605 6 0.30000000000000004
-17.01305478444848 64.9503714451605 6 0.4
-17.01305478444848 64.9503714451605 6 0.5
-17.01305478444848 64.9503714451605 6 0.6000000000000001
-17.01305478444848 64.9503714451605 6 0.7000000000000001
-17.01305478444848 64.9503714451605 6 0.8
-17.01305478444848 64.9503714451605 6 0.9
-17.01305478444848 64.9503714451605 6 1.0
-17.01305478444848 64.9503714451605 6 1.1
-17.01305478444848 64.9503714451605 6 1.2000000000000002
-17.01305478444848 64.9503714451605 6 1.3
-17.01305478444848 64.9503714451605 6 1.4000000000000001
-17.01305478444848 64.9503714451605 6 1.5
-17.01305478444848 64.9503714451605 6 1.6
-17.01305478444848 64.9503714451605 6 1.7000000000000002
-17.01305478444848 64.9503714451605 6 1.8
-17.01305478444848 64.9503714451605 6 1.9000000000000001
-17.01305478444848 64.9503714451605 6 2.0
-17.01305478444848 64.9503714451605 6 2.1
-17.01305478444848 64.9503714451605 6 2.2
-17.01305478444848 64.9503714451605 6 2.3000000000000003
-17.01305478444848 64.9503714451605 6 2.4000000000000004
-17.01305478444848 64.9503714451605 6 2.5
-17.01305478444848 64.9503714451605 6 2.6
-17.01305478444848 64.9503714451605 6 2.7
-17.01305478444848 64.9503714451605 6 2.8000000000000003
-17.01305478444848 64.9503714451605 6 2.9000000000000004
-17.01305478444848 64.9503714451605 6 3.0
-16.991896928639058 64.95042285096171 7 0.0
-16.991896928639058 64.95042285096171 7 0.1
-16.991896928639058 64.95042285096171 7 0.2
-16.991896928639058 64.95042285096171 7 0.30000000000000004
-16.991896928639058 64.95042285096171 7 0.4
-16.991896928639058 64.95042285096171 7 0.5
-16.991896928639058 64.95042285096171 7 0.6000000000000001
-16.991896928639058 64.95042285096171 7 0.7000000000000001
-16.991896928639058 64.95042285096171 7 0.8
-16.991896928639058 64.95042285096171 7 0.9
-16.991896928639058 64.95042285096171 7 1.0
-16.991896928639058 64.95042285096171 7 1.1
-16.991896928639058 64.95042285096171 7 1.2000000000000002
-16.991896928639058 64.95042285096171 7 1.3
-16.991896928639058 64.95042285096171 7 1.4000000000000001
-16.991896928639058 64.95042285096171 7 1.5
-16.991896928639058 64.95042285096171 7 1.6
-16.991896928639058 64.95042285096171 7 1.7000000000000002
-16.991896928639058 64.95042285096171 7 1.8
-16.991896928639058 64.95042285096171 7 1.9000000000000001
-16.991896928639058 64.95042285096171 7 2.0
-16.991896928639058 64.95042285096171 7 2.1
-16.991896928639058 64.95042285096171 7 2.2
-16.991896928639058 64.95042285096171 7 2.3000000000000003
-16.991896928639058 64.95042285096171 7 2.4000000000000004
-16.991896928639058 64.95042285096171 7 2.5
-16.991896928639058 64.95042285096171 7 2.6
-16.991896928639058 64.95042285096171 7 2.7
-16.991896928639058 64.95042285096171 7 2.8000000000000003
-16.9707389940614 64.95047125621711 8 0.0
-16.9707389940614 64.95047125621711 8 0.1
-16.9707389940614 64.95047125621711 8 0.2
-16.9707389940614 64.95047125621711 8 0.30000000000000004
-16.9707389940614 64.95047125621711 8 0.4
-16.9707389940614 64.95047125621711 8 0.5
-16.9707389940614 64.95047125621711 8 0.6000000000000001
-16.9707389940614 64.95047125621711 8 0.7000000000000001
-16.9707389940614 64.95047125621711 8 0.8
-16.9707389940614 64.95047125621711 8 0.9
-16.9707389940614 64.95047125621711 8 1.0
-16.9707389940614 64.95047125621711 8 1.1
-16.9707389940614 64.95047125621711 8 1.2000000000000002
-16.9707389940614 64.95047125621711 8 1.3
-16.9707389940614 64.95047125621711 8 1.4000000000000001
-16.9707389940614 64.95047125621711 8 1.5
-16.9707389940614 64.95047125621711 8 1.6
-16.9707389940614 64.95047125621711 8 1.7000000000000002
-16.949580985450986 64.95051666090933 9 0.0
-16.949580985450986 64.95051666090933 9 0.1
-16.949580985450986 64.95051666090933 9 0.2
-16.949580985450986 64.95051666090933 9 0.30000000000000004
-16.949580985450986 64.95051666090933 9 0.4
-16.949580985450986 64.95051666090933 9 0.5
-16.949580985450986 64.95051666090933 9 0.6000000000000001
-16.949580985450986 64.95051666090933 9 0.7000000000000001
-16.75915635788588 64.95079027546144 18 0.0
-16.589888101159136 64.95082944288829 26 0.0
-16.589888101159136 64.95082944288829 26 0.1
-16.589888101159136 64.95082944288829 26 0.2
-16.589888101159136 64.95082944288829 26 0.30000000000000004
-16.589888101159136 64.95082944288829 26 0.4
-16.568729569815712 64.95082083569943 27 0.0
-16.568729569815712 64.95082083569943 27 0.1
-16.568729569815712 64.95082083569943 27 0.2
-16.568729569815712 64.95082083569943 27 0.30000000000000004
-16.568729569815712 64.95082083569943 27 0.4
-16.568729569815712 64.95082083569943 27 0.5
-16.568729569815712 64.95082083569943 27 0.6000000000000001
-16.568729569815712 64.95082083569943 27 0.7000000000000001
-16.568729569815712 64.95082083569943 27 0.8
-16.568729569815712 64.95082083569943 27 0.9
-16.568729569815712 64.95082083569943 27 1.0
-16.568729569815712 64.95082083569943 27 1.1
-16.568729569815712 64.95082083569943 27 1.2000000000000002
-16.547571054426246 64.95080922782188 28 0.0
-16.547571054426246 64.95080922782188 28 0.1
-16.547571054426246 64.95080922782188 28 0.2
-16.547571054426246 64.95080922782188 28 0.30000000000000004
-16.547571054426246 64.95080922782188 28 0.4
-16.547571054426246 64.95080922782188 28 0.5
-16.547571054426246 64.95080922782188 28 0.6000000000000001
-16.547571054426246 64.95080922782188 28 0.7000000000000001
-16.547571054426246 64.95080922782188 28 0.8
-16.547571054426246 64.95080922782188 28 0.9
-16.547571054426246 64.95080922782188 28 1.0
-16.547571054426246 64.95080922782188 28 1.1
-16.547571054426246 64.95080922782188 28 1.2000000000000002
-16.547571054426246 64.95080922782188 28 1.3
-16.547571054426246 64.95080922782188 28 1.4000000000000001
-16.547571054426246 64.95080922782188 28 1.5
-16.547571054426246 64.95080922782188 28 1.6
-16.547571054426246 64.95080922782188 28 1.7000000000000002
-16.547571054426246 64.95080922782188 28 1.8
-16.52641255972706 64.95079461925978 29 0.0
-16.52641255972706 64.95079461925978 29 0.1
-16.52641255972706 64.95079461925978 29 0.2
-16.52641255972706 64.95079461925978 29 0.30000000000000004
-16.52641255972706 64.95079461925978 29 0.4
-16.52641255972706 64.95079461925978 29 0.5
-16.52641255972706 64.95079461925978 29 0.6000000000000001
-16.52641255972706 64.95079461925978 29 0.7000000000000001
-16.52641255972706 64.95079461925978 29 0.8
-16.52641255972706 64.95079461925978 29 0.9
-16.52641255972706 64.95079461925978 29 1.0
-16.52641255972706 64.95079461925978 29 1.1
-16.52641255972706 64.95079461925978 29 1.2000000000000002
-16.52641255972706 64.95079461925978 29 1.3
-16.52641255972706 64.95079461925978 29 1.4000000000000001
-16.505254090454443 64.9507770100184 30 0.0
-16.505254090454443 64.9507770100184 30 0.1
-16.505254090454443 64.9507770100184 30 0.2
-16.505254090454443 64.9507770100184 30 0.30000000000000004
-16.505254090454443 64.9507770100184 30 0.4
-16.505254090454443 64.9507770100184 30 0.5
-16.505254090454443 64.9507770100184 30 0.6000000000000001
-16.505254090454443 64.9507770100184 30 0.7000000000000001
-16.505254090454443 64.9507770100184 30 0.8
-16.505254090454443 64.9507770100184 30 0.9
-16.505254090454443 64.9507770100184 30 1.0
-16.505254090454443 64.9507770100184 30 1.1
-16.505254090454443 64.9507770100184 30 1.2000000000000002
-16.505254090454443 64.9507770100184 30 1.3
-16.505254090454443 64.9507770100184 30 1.4000000000000001
-16.505254090454443 64.9507770100184 30 1.5
-16.484095651344656 64.95075640010405 31 0.0
-16.484095651344656 64.95075640010405 31 0.1
-16.484095651344656 64.95075640010405 31 0.2
-16.484095651344656 64.95075640010405 31 0.30000000000000004
-16.484095651344656 64.95075640010405 31 0.4
-16.484095651344656 64.95075640010405 31 0.5
-16.484095651344656 64.95075640010405 31 0.6000000000000001
-16.484095651344656 64.95075640010405 31 0.7000000000000001
-16.484095651344656 64.95075640010405 31 0.8
-16.484095651344656 64.95075640010405 31 0.9
-16.484095651344656 64.95075640010405 31 1.0
-16.484095651344656 64.95075640010405 31 1.1
-16.484095651344656 64.95075640010405 31 1.2000000000000002
-16.484095651344656 64.95075640010405 31 1.3
-16.484095651344656 64.95075640010405 31 1.4000000000000001
-16.484095651344656 64.95075640010405 31 1.5
-16.484095651344656 64.95075640010405 31 1.6
-16.484095651344656 64.95075640010405 31 1.7000000000000002
-16.484095651344656 64.95075640010405 31 1.8
-16.484095651344656 64.95075640010405 31 1.9000000000000001
-16.462937247133908 64.95073278952415 32 0.0
-16.462937247133908 64.95073278952415 32 0.1
-16.462937247133908 64.95073278952415 32 0.2
-16.462937247133908 64.95073278952415 32 0.30000000000000004
-16.462937247133908 64.95073278952415 32 0.4
-16.462937247133908 64.95073278952415 32 0.5
-16.462937247133908 64.95073278952415 32 0.6000000000000001
-16.462937247133908 64.95073278952415 32 0.7000000000000001
-16.462937247133908 64.95073278952415 32 0.8
-16.462937247133908 64.95073278952415 32 0.9
-16.462937247133908 64.95073278952415 32 1.0
-16.462937247133908 64.95073278952415 32 1.1
-16.462937247133908 64.95073278952415 32 1.2000000000000002
-16.462937247133908 64.95073278952415 32 1.3
-16.462937247133908 64.95073278952415 32 1.4000000000000001
-16.462937247133908 64.95073278952415 32 1.5
-16.462937247133908 64.95073278952415 32 1.6
-16.462937247133908 64.95073278952415 32 1.7000000000000002
-16.462937247133908 64.95073278952415 32 1.8
-16.441778882558364 64.95070617828715 33 0.0
-16.441778882558364 64.95070617828715 33 0.1
-16.441778882558364 64.95070617828715 33 0.2
-16.441778882558364 64.95070617828715 33 0.30000000000000004
-16.441778882558364 64.95070617828715 33 0.4
-16.441778882558364 64.95070617828715 33 0.5
-16.441778882558364 64.95070617828715 33 0.6000000000000001
-16.441778882558364 64.95070617828715 33 0.7000000000000001
-16.441778882558364 64.95070617828715 33 0.8
-16.441778882558364 64.95070617828715 33 0.9
-16.441778882558364 64.95070617828715 33 1.0
-16.441778882558364 64.95070617828715 33 1.1
-16.420620562354127 64.95067656640262 34 0.0
-16.420620562354127 64.95067656640262 34 0.1
-16.420620562354127 64.95067656640262 34 0.2
-16.420620562354127 64.95067656640262 34 0.30000000000000004
-16.420620562354127 64.95067656640262 34 0.4
-16.420620562354127 64.95067656640262 34 0.5
-16.399462291257237 64.9506439538812 35 0.0
-16.399462291257237 64.9506439538812 35 0.1
-16.3571459153293 64.95056972697554 37 0.0
-16.335987819969958 64.95052811261796 38 0.0
-16.335987819969958 64.95052811261796 38 0.1
-16.335987819969958 64.95052811261796 38 0.2
-16.335987819969958 64.95052811261796 38 0.30000000000000004
-16.31482979266135 64.95048349767679 39 0.0
-16.31482979266135 64.95048349767679 39 0.1
-16.31482979266135 64.95048349767679 39 0.2
-16.31482979266135 64.95048349767679 39 0.30000000000000004
-16.31482979266135 64.95048349767679 39 0.4
-16.31482979266135 64.95048349767679 39 0.5
-16.31482979266135 64.95048349767679 39 0.6000000000000001
-16.31482979266135 64.95048349767679 39 0.7000000000000001
-16.31482979266135 64.95048349767679 39 0.8
-16.293671838139097 64.95043588216802 40 0.0
-16.293671838139097 64.95043588216802 40 0.1
-16.293671838139097 64.95043588216802 40 0.2
-16.293671838139097 64.95043588216802 40 0.30000000000000004
-16.293671838139097 64.95043588216802 40 0.4
-16.293671838139097 64.95043588216802 40 0.5
-16.293671838139097 64.95043588216802 40 0.6000000000000001
-16.293671838139097 64.95043588216802 40 0.7000000000000001
-16.293671838139097 64.95043588216802 40 0.8
-16.293671838139097 64.95043588216802 40 0.9
-16.293671838139097 64.95043588216802 40 1.0
-16.293671838139097 64.95043588216802 40 1.1
-16.293671838139097 64.95043588216802 40 1.2000000000000002
-16.293671838139097 64.95043588216802 40 1.3
-16.293671838139097 64.95043588216802 40 1.4000000000000001
-16.293671838139097 64.95043588216802 40 1.5
-16.272513961138714 64.95038526610875 41 0.0
-16.272513961138714 64.95038526610875 41 0.1
-16.272513961138714 64.95038526610875 41 0.2
-16.272513961138714 64.95038526610875 41 0.30000000000000004
-16.272513961138714 64.95038526610875 41 0.4
-16.272513961138714 64.95038526610875 41 0.5
-16.272513961138714 64.95038526610875 41 0.6000000000000001
-16.272513961138714 64.95038526610875 41 0.7000000000000001
-16.272513961138714 64.95038526610875 41 0.8
-16.272513961138714 64.95038526610875 41 0.9
-16.272513961138714 64.95038526610875 41 1.0
-16.272513961138714 64.95038526610875 41 1.1
-16.272513961138714 64.95038526610875 41 1.2000000000000002
-16.272513961138714 64.95038526610875 41 1.3
-16.272513961138714 64.95038526610875 41 1.4000000000000001
-16.272513961138714 64.95038526610875 41 1.5
-16.272513961138714 64.95038526610875 41 1.6
-16.272513961138714 64.95038526610875 41 1.7000000000000002
-16.272513961138714 64.95038526610875 41 1.8
-16.272513961138714 64.95038526610875 41 1.9000000000000001
-16.272513961138714 64.95038526610875 41 2.0
-16.272513961138714 64.95038526610875 41 2.1
-16.251356166395603 64.9503316495172 42 0.0
-16.251356166395603 64.9503316495172 42 0.1
-16.251356166395603 64.9503316495172 42 0.2
-16.251356166395603 64.9503316495172 42 0.30000000000000004
-16.251356166395603 64.9503316495172 42 0.4
-16.251356166395603 64.9503316495172 42 0.5
-16.251356166395603 64.9503316495172 42 0.6000000000000001
-16.251356166395603 64.9503316495172 42 0.7000000000000001
-16.251356166395603 64.9503316495172 42 0.8
-16.251356166395603 64.9503316495172 42 0.9
-16.251356166395603 64.9503316495172 42 1.0
-16.251356166395603 64.9503316495172 42 1.1
-16.251356166395603 64.9503316495172 42 1.2000000000000002
-16.251356166395603 64.9503316495172 42 1.3
-16.251356166395603 64.9503316495172 42 1.4000000000000001
-16.251356166395603 64.9503316495172 42 1.5
-16.251356166395603 64.9503316495172 42 1.6
-16.251356166395603 64.9503316495172 42 1.7000000000000002
-16.251356166395603 64.9503316495172 42 1.8
-16.251356166395603 64.9503316495172 42 1.9000000000000001
-16.251356166395603 64.9503316495172 42 2.0
-16.251356166395603 64.9503316495172 42 2.1
-16.251356166395603 64.9503316495172 42 2.2
-16.251356166395603 64.9503316495172 42 2.3000000000000003
-16.251356166395603 64.9503316495172 42 2.4000000000000004
-16.251356166395603 64.9503316495172 42 2.5
-16.251356166395603 64.9503316495172 42 2.6
-16.251356166395603 64.9503316495172 42 2.7
-16.251356166395603 64.9503316495172 42 2.8000000000000003
-16.251356166395603 64.9503316495172 42 2.9000000000000004
-16.230198458645045 64.95027503241255 43 0.0
-16.230198458645045 64.95027503241255 43 0.1
-16.230198458645045 64.95027503241255 43 0.2
-16.230198458645045 64.95027503241255 43 0.30000000000000004
-16.230198458645045 64.95027503241255 43 0.4
-16.230198458645045 64.95027503241255 43 0.5
-16.230198458645045 64.95027503241255 43 0.6000000000000001
-16.230198458645045 64.95027503241255 43 0.7000000000000001
-16.230198458645045 64.95027503241255 43 0.8
-16.230198458645045 64.95027503241255 43 0.9
-16.230198458645045 64.95027503241255 43 1.0
-16.230198458645045 64.95027503241255 43 1.1
-16.230198458645045 64.95027503241255 43 1.2000000000000002
-16.230198458645045 64.95027503241255 43 1.3
-16.230198458645045 64.95027503241255 43 1.4000000000000001
-16.230198458645045 64.95027503241255 43 1.5
-16.230198458645045 64.95027503241255 43 1.6
-16.230198458645045 64.95027503241255 43 1.7000000000000002
-16.230198458645045 64.95027503241255 43 1.8
-16.230198458645045 64.95027503241255 43 1.9000000000000001
-16.230198458645045 64.95027503241255 43 2.0
-16.230198458645045 64.95027503241255 43 2.1
-16.230198458645045 64.95027503241255 43 2.2
-16.230198458645045 64.95027503241255 43 2.3000000000000003
-16.230198458645045 64.95027503241255 43 2.4000000000000004
-16.230198458645045 64.95027503241255 43 2.5
-16.230198458645045 64.95027503241255 43 2.6
-16.230198458645045 64.95027503241255 43 2.7
-16.230198458645045 64.95027503241255 43 2.8000000000000003
-16.230198458645045 64.95027503241255 43 2.9000000000000004
-16.230198458645045 64.95027503241255 43 3.0
-16.230198458645045 64.95027503241255 43 3.1
-16.230198458645045 64.95027503241255 43 3.2
-16.230198458645045 64.95027503241255 43 3.3000000000000003
-16.230198458645045 64.95027503241255 43 3.4000000000000004
-16.230198458645045 64.95027503241255 43 3.5
-16.230198458645045 64.95027503241255 43 3.6
-16.2090408426222 64.95021541481515 44 0.0
-16.2090408426222 64.95021541481515 44 0.1
-16.2090408426222 64.95021541481515 44 0.2
-16.2090408426222 64.95021541481515 44 0.30000000000000004
-16.2090408426222 64.95021541481515 44 0.4
-16.2090408426222 64.95021541481515 44 0.5
-16.2090408426222 64.95021541481515 44 0.6000000000000001
-16.2090408426222 64.95021541481515 44 0.7000000000000001
-16.2090408426222 64.95021541481515 44 0.8
-16.2090408426222 64.95021541481515 44 0.9
-16.2090408426222 64.95021541481515 44 1.0
-16.2090408426222 64.95021541481515 44 1.1
-16.2090408426222 64.95021541481515 44 1.2000000000000002
-16.2090408426222 64.95021541481515 44 1.3
-16.2090408426222 64.95021541481515 44 1.4000000000000001
-16.2090408426222 64.95021541481515 44 1.5
-16.2090408426222 64.95021541481515 44 1.6
-16.2090408426222 64.95021541481515 44 1.7000000000000002
-16.2090408426222 64.95021541481515 44 1.8
-16.2090408426222 64.95021541481515 44 1.9000000000000001
-16.2090408426222 64.95021541481515 44 2.0
-16.2090408426222 64.95021541481515 44 2.1
-16.2090408426222 64.95021541481515 44 2.2
-16.2090408426222 64.95021541481515 44 2.3000000000000003
-16.2090408426222 64.95021541481515 44 2.4000000000000004
-16.2090408426222 64.95021541481515 44 2.5
-16.2090408426222 64.95021541481515 44 2.6
-16.2090408426222 64.95021541481515 44 2.7
-16.2090408426222 64.95021541481515 44 2.8000000000000003
-16.2090408426222 64.95021541481515 44 2.9000000000000004
-16.2090408426222 64.95021541481515 44 3.0
-16.2090408426222 64.95021541481515 44 3.1
-16.2090408426222 64.95021541481515 44 3.2
-16.2090408426222 64.95021541481515 44 3.3000000000000003
-16.2090408426222 64.95021541481515 44 3.4000000000000004
-16.2090408426222 64.95021541481515 44 3.5
-16.2090408426222 64.95021541481515 44 3.6
-16.2090408426222 64.95021541481515 44 3.7
-16.2090408426222 64.95021541481515 44 3.8000000000000003
-16.2090408426222 64.95021541481515 44 3.9000000000000004
-16.2090408426222 64.95021541481515 44 4.0
-16.2090408426222 64.95021541481515 44 4.1000000000000005
-16.2090408426222 64.95021541481515 44 4.2
-16.2090408426222 64.95021541481515 44 4.3
-16.2090408426222 64.95021541481515 44 4.4
-16.187883323062096 64.95015279674642 45 0.0
-16.187883323062096 64.95015279674642 45 0.1
-16.187883323062096 64.95015279674642 45 0.2
-16.187883323062096 64.95015279674642 45 0.30000000000000004
-16.187883323062096 64.95015279674642 45 0.4
-16.187883323062096 64.95015279674642 45 0.5
-16.187883323062096 64.95015279674642 45 0.6000000000000001
-16.187883323062096 64.95015279674642 45 0.7000000000000001
-16.187883323062096 64.95015279674642 45 0.8
-16.187883323062096 64.95015279674642 45 0.9
-16.187883323062096 64.95015279674642 45 1.0
-16.187883323062096 64.95015279674642 45 1.1
-16.187883323062096 64.95015279674642 45 1.2000000000000002
-16.187883323062096 64.95015279674642 45 1.3
-16.187883323062096 64.95015279674642 45 1.4000000000000001
-16.187883323062096 64.95015279674642 45 1.5
-16.187883323062096 64.95015279674642 45 1.6
-16.187883323062096 64.95015279674642 45 1.7000000000000002
-16.187883323062096 64.95015279674642 45 1.8
-16.187883323062096 64.95015279674642 45 1.9000000000000001
-16.187883323062096 64.95015279674642 45 2.0
-16.187883323062096 64.95015279674642 45 2.1
-16.187883323062096 64.95015279674642 45 2.2
-16.187883323062096 64.95015279674642 45 2.3000000000000003
-16.187883323062096 64.95015279674642 45 2.4000000000000004
-16.187883323062096 64.95015279674642 45 2.5
-16.187883323062096 64.95015279674642 45 2.6
-16.187883323062096 64.95015279674642 45 2.7
-16.187883323062096 64.95015279674642 45 2.8000000000000003
-16.187883323062096 64.95015279674642 45 2.9000000000000004
-16.187883323062096 64.95015279674642 45 3.0
-16.187883323062096 64.95015279674642 45 3.1
-16.187883323062096 64.95015279674642 45 3.2
-16.187883323062096 64.95015279674642 45 3.3000000000000003
-16.187883323062096 64.95015279674642 45 3.4000000000000004
-16.187883323062096 64.95015279674642 45 3.5
-16.187883323062096 64.95015279674642 45 3.6
-16.187883323062096 64.95015279674642 45 3.7
-16.187883323062096 64.95015279674642 45 3.8000000000000003
-16.187883323062096 64.95015279674642 45 3.9000000000000004
-16.187883323062096 64.95015279674642 45 4.0
-16.187883323062096 64.95015279674642 45 4.1000000000000005
-16.187883323062096 64.95015279674642 45 4.2
-16.187883323062096 64.95015279674642 45 4.3
-16.187883323062096 64.95015279674642 45 4.4
-16.187883323062096 64.95015279674642 45 4.5
-16.187883323062096 64.95015279674642 45 4.6000000000000005
-16.187883323062096 64.95015279674642 45 4.7
-16.187883323062096 64.95015279674642 45 4.800000000000001
-16.187883323062096 64.95015279674642 45 4.9
-16.187883323062096 64.95015279674642 45 5.0
-16.187883323062096 64.95015279674642 45 5.1000000000000005
-16.187883323062096 64.95015279674642 45 5.2
-16.16672590469962 64.95008717822881 46 0.0
-16.16672590469962 64.95008717822881 46 0.1
-16.16672590469962 64.95008717822881 46 0.2
-16.16672590469962 64.95008717822881 46 0.30000000000000004
-16.16672590469962 64.95008717822881 46 0.4
-16.16672590469962 64.95008717822881 46 0.5
-16.16672590469962 64.95008717822881 46 0.6000000000000001
-16.16672590469962 64.95008717822881 46 0.7000000000000001
-16.16672590469962 64.95008717822881 46 0.8
-16.16672590469962 64.95008717822881 46 0.9
-16.16672590469962 64.95008717822881 46 1.0
-16.16672590469962 64.95008717822881 46 1.1
-16.16672590469962 64.95008717822881 46 1.2000000000000002
-16.16672590469962 64.95008717822881 46 1.3
-16.16672590469962 64.95008717822881 46 1.4000000000000001
-16.16672590469962 64.95008717822881 46 1.5
-16.16672590469962 64.95008717822881 46 1.6
-16.16672590469962 64.95008717822881 46 1.7000000000000002
-16.16672590469962 64.95008717822881 46 1.8
-16.16672590469962 64.95008717822881 46 1.9000000000000001
-16.16672590469962 64.95008717822881 46 2.0
-16.16672590469962 64.95008717822881 46 2.1
-16.16672590469962 64.95008717822881 46 2.2
-16.16672590469962 64.95008717822881 46 2.3000000000000003
-16.16672590469962 64.95008717822881 46 2.4000000000000004
-16.16672590469962 64.95008717822881 46 2.5
-16.16672590469962 64.95008717822881 46 2.6
-16.16672590469962 64.95008717822881 46 2.7
-16.16672590469962 64.95008717822881 46 2.8000000000000003
-16.16672590469962 64.95008717822881 46 2.9000000000000004
-16.16672590469962 64.95008717822881 46 3.0
-16.16672590469962 64.95008717822881 46 3.1
-16.16672590469962 64.95008717822881 46 3.2
-16.16672590469962 64.95008717822881 46 3.3000000000000003
-16.16672590469962 64.95008717822881 46 3.4000000000000004
-16.16672590469962 64.95008717822881 46 3.5
-16.16672590469962 64.95008717822881 46 3.6
-16.16672590469962 64.95008717822881 46 3.7
-16.16672590469962 64.95008717822881 46 3.8000000000000003
-16.16672590469962 64.95008717822881 46 3.9000000000000004
-16.16672590469962 64.95008717822881 46 4.0
-16.16672590469962 64.95008717822881 46 4.1000000000000005
-16.16672590469962 64.95008717822881 46 4.2
-16.16672590469962 64.95008717822881 46 4.3
-16.16672590469962 64.95008717822881 46 4.4
-16.16672590469962 64.95008717822881 46 4.5
-16.16672590469962 64.95008717822881 46 4.6000000000000005
-16.16672590469962 64.95008717822881 46 4.7
-16.16672590469962 64.95008717822881 46 4.800000000000001
-16.16672590469962 64.95008717822881 46 4.9
-16.16672590469962 64.95008717822881 46 5.0
-16.16672590469962 64.95008717822881 46 5.1000000000000005
-16.16672590469962 64.95008717822881 46 5.2
-16.16672590469962 64.95008717822881 46 5.300000000000001
-16.16672590469962 64.95008717822881 46 5.4
-16.16672590469962 64.95008717822881 46 5.5
-16.16672590469962 64.95008717822881 46 5.6000000000000005
-16.16672590469962 64.95008717822881 46 5.7
-16.16672590469962 64.95008717822881 46 5.800000000000001
-16.16672590469962 64.95008717822881 46 5.9
-16.16672590469962 64.95008717822881 46 6.0
-16.14 64.95 47 0.0
-16.14 64.95 47 0.1
-16.14 64.95 47 0.2
-16.14 64.95 47 0.30000000000000004
-16.14 64.95 47 0.4
-16.14 64.95 47 0.5
-16.14 64.95 47 0.6000000000000001
-16.14 64.95 47 0.7000000000000001
-16.14 64.95 47 0.8
-16.14 64.95 47 0.9
-16.14 64.95 47 1.0
-16.14 64.95 47 1.1
-16.14 64.95 47 1.2000000000000002
-16.14 64.95 47 1.3
-16.14 64.95 47 1.4000000000000001
-16.14 64.95 47 1.5
-16.14 64.95 47 1.6
-16.14 64.95 47 1.7000000000000002
-16.14 64.95 47 1.8
-16.14 64.95 47 1.9000000000000001
-16.14 64.95 47 2.0
-16.14 64.95 47 2.1
-16.14 64.95 47 2.2
-16.14 64.95 47 2.3000000000000003
-16.14 64.95 47 2.4000000000000004
-16.14 64.95 47 2.5
-16.14 64.95 47 2.6
-16.14 64.95 47 2.7
-16.14 64.95 47 2.8000000000000003
-16.14 64.95 47 2.9000000000000004
-16.14 64.95 47 3.0
-16.14 64.95 47 3.1
-16.14 64.95 47 3.2
-16.14 64.95 47 3.3000000000000003
-16.14 64.95 47 3.4000000000000004
-16.14 64.95 47 3.5
-16.14 64.95 47 3.6
-16.14 64.95 47 3.7
-16.14 64.95 47 3.8000000000000003
-16.14 64.95 47 3.9000000000000004
-16.14 64.95 47 4.0
-16.14 64.95 47 4.1000000000000005
-16.14 64.95 47 4.2
-16.14 64.95 47 4.3
-16.14 64.95 47 4.4
-16.14 64.95 47 4.5
-16.14 64.95 47 4.6000000000000005
-16.14 64.95 47 4.7
-16.14 64.95 47 4.800000000000001
-16.14 64.95 47 4.9
-16.14 64.95 47 5.0
-16.14 64.95 47 5.1000000000000005
-16.14 64.95 47 5.2
-16.14 64.95 47 5.300000000000001
-16.14 64.95 47 5.4
-16.14 64.95 47 5.5
-16.14 64.95 47 5.6000000000000005
-16.14 64.95 47 5.7
-16.14 64.95 47 5.800000000000001
-16.14 64.95 47 5.9
-16.14 64.95 47 6.0
-16.14 64.95 47 6.1000000000000005
-16.14 64.95 47 6.2
-16.14 64.95 47 6.300000000000001
-16.14 64.95 47 6.4
-16.14 64.95 47 6.5
-16.14 64.95 47 6.6000000000000005
-16.14 64.95 47 6.7
-16.14 64.95 47 6.800000000000001
-16.14 64.95 47 6.9
