-17.14 64.875 0 4.1000000000000005 -0.05247494280552704
-17.14 64.875 0 29.6 -0.06696054680482444
-17.14 64.875 0 46.0 -0.08392842659882183
-17.11890171738847 64.87506937101595 1 45.6 -0.07773251064757318
-17.097803328312793 64.87513575178286 2 45.2 -0.07526922197571848
-17.076704837462415 64.87519914227707 3 44.900000000000006 -0.07108366351365819
-17.034507569196098 64.87531695235795 5 10.700000000000001 -0.08548634218854476
-17.013408801159756 64.87537137190259 6 10.5 -0.10455841373547306
-17.013408801159756 64.87537137190259 6 38.400000000000006 -0.06903263646116121
-16.992309950107906 64.87542280109047 7 9.700000000000001 -0.09149070996112892
-16.992309950107906 64.87542280109047 7 38.300000000000004 -0.07633951107973952
-16.971211020730664 64.87547123990322 8 38.400000000000006 -0.07966632019004495
-16.971211020730664 64.87547123990322 8 49.300000000000004 -0.08663771531900845
-16.95011201771825 64.8755166883236 9 38.6 -0.08258754158481446
-16.95011201771825 64.8755166883236 9 49.2 -0.10206692889455954
-16.929012945761 64.87555914633536 10 16.6 -0.10179852959533434
-16.929012945761 64.87555914633536 10 38.7 -0.0785375738583265
-16.929012945761 64.87555914633536 10 49.0 -0.11068709689375678
-16.907913809549335 64.87559861392336 11 38.7 -0.0808814132456815
-16.907913809549335 64.87559861392336 11 48.800000000000004 -0.11549033680847179
-16.886814613773776 64.87563509107353 12 38.800000000000004 -0.08009931615620533
-16.886814613773776 64.87563509107353 12 48.7 -0.1158389595831536
-16.823516715970182 64.87572657977226 15 48.7 -0.11958732506901804
-16.80241732884586 64.87575109505164 16 48.7 -0.13371679277738072
-16.781317905611388 64.87577261983878 17 48.7 -0.1548734089293373
-16.760218450957698 64.875791154126 18 48.5 -0.17805276442894225
-16.73911896957577 64.87580669790673 19 48.400000000000006 -0.18245388900042503
-16.718019466156615 64.87581925117537 20 48.5 -0.18398665031879816
-16.69691994539128 64.87582881392747 21 48.400000000000006 -0.18335243924162678
-16.675820411970836 64.87583538615961 22 48.5 -0.1778335688377552
-16.65472087058637 64.87583896786944 23 17.0 -0.05947015204981396
-16.65472087058637 64.87583896786944 23 48.6 -0.17751525690969283
-16.633621325928985 64.87583955905569 24 16.8 -0.06448637777634887
-16.633621325928985 64.87583955905569 24 48.7 -0.18043421843134164
-16.612521782689786 64.87583715971817 25 16.7 -0.06440081759658502
-16.612521782689786 64.87583715971817 25 48.6 -0.18590842312294548
-16.59142224555987 64.87583176985768 26 8.700000000000001 -0.10362028552415346
-16.59142224555987 64.87583176985768 26 16.7 -0.07088631798719143
-16.59142224555987 64.87583176985768 26 48.0 -0.15941435224482647
-16.570322719230337 64.87582338947621 27 8.5 -0.12602696052831264
-16.570322719230337 64.87582338947621 27 16.8 -0.07978159208145193
-16.549223208392267 64.87581201857671 28 8.5 -0.12496917992231626
-16.549223208392267 64.87581201857671 28 16.7 -0.08683107983219042
-16.528123717736708 64.87579765716323 29 8.4 -0.13339488581292508
-16.528123717736708 64.87579765716323 29 16.6 -0.08857936990966947
-16.507024251954697 64.87578030524092 30 8.3 -0.1293387183823555
-16.48592481573722 64.87575996281595 31 8.0 -0.11785243315679719
-16.46482541377523 64.87573662989558 32 7.7 -0.10849422170569191
-16.443726050759626 64.87571030648816 33 7.7 -0.08703275457132793
-16.443726050759626 64.87571030648816 33 24.0 -0.0939971139698615
-16.422626731381254 64.87568099260305 34 7.4 -0.05904733670932631
-16.422626731381254 64.87568099260305 34 24.200000000000003 -0.12261951848369033
-16.401527460330893 64.87564868825072 35 24.1 -0.11458808264415633
-16.38042824229926 64.87561339344268 36 24.1 -0.09580214739737378
-16.359329081976988 64.87557510819154 37 11.5 -0.11715654607849084
-16.338229984054635 64.87553383251097 38 11.4 -0.16272636128358078
-16.31713095322267 64.87548956641564 39 11.4 -0.16719020266329038
-16.296031994171454 64.87544230992141 40 11.5 -0.15987714601346872
-16.274933111591256 64.8753920630451 41 11.3 -0.14244548258823297
-16.253834310172238 64.87533882580463 42 11.3 -0.13444271164737942
-16.23273559460443 64.875282598219 43 11.200000000000001 -0.12711478425190806
-16.211636969577764 64.87522338030828 44 11.200000000000001 -0.11771287800161502
-16.211636969577764 64.87522338030828 44 40.400000000000006 -0.1171352745486031
-16.190538439782017 64.8751611720936 45 11.3 -0.11724779963930422
-16.190538439782017 64.8751611720936 45 40.2 -0.11524156355555981
-16.169440009906843 64.87509597359711 46 11.5 -0.1248035019521331
-16.169440009906843 64.87509597359711 46 17.900000000000002 -0.10883184566715909
-16.169440009906843 64.87509597359711 46 40.1 -0.1066420072363616
-16.14 64.875 47 11.700000000000001 -0.13909521492791518
-16.14 64.875 47 17.900000000000002 -0.10222841304341587
