-17.0976853252982 64.95013581688275 2 8.6 -0.3178935665253208
-17.034212556754294 64.95031703883193 5 8.8 -0.1738278236456257
-17.01305478444848 64.9503714451605 6 4.800000000000001 -0.28290536730217686
-17.01305478444848 64.9503714451605 6 8.8 -0.1634233081078564
-16.991896928639058 64.95042285096171 7 4.800000000000001 -0.17339381515953362
-16.9707389940614 64.95047125621711 8 4.3 -0.17654562047332403
-16.949580985450986 64.95051666090933 9 4.0 -0.13676256161681255
-16.928422907543414 64.95055906502205 10 4.2 -0.13353865892209998
-16.907264765074373 64.95059846854005 11 4.2 -0.10247853902816659
-16.886106562779645 64.9506348714492 12 4.4 -0.1374307774432642
-16.780314819678882 64.95077187644223 17 7.300000000000001 -0.13649424903822435
-16.75915635788588 64.95079027546144 18 7.300000000000001 -0.1193830443579524
-16.75915635788588 64.95079027546144 18 11.200000000000001 -0.12457455392456744
-16.73799786941973 64.95080567380293 19 4.800000000000001 -0.11002032803077469
-16.716839359016696 64.95081807146116 20 4.800000000000001 -0.11353013520535439
-16.674522291345294 64.95083386471111 22 4.6000000000000005 -0.19550833309718466
-16.653363743549622 64.95083726029718 23 4.6000000000000005 -0.20557986465632794
-16.632205192762456 64.95083765518865 24 4.7 -0.22037460565494912
-16.611046643720172 64.95083504938538 25 4.6000000000000005 -0.18932238104781254
-16.589888101159136 64.95082944288829 26 4.5 -0.18442254704928465
-16.568729569815712 64.95082083569943 27 4.5 -0.16652710808509275
-16.547571054426246 64.95080922782188 28 4.5 -0.17558376694931116
-16.378304074003662 64.95060834073458 36 7.2 -0.15405900040627088
-16.3571459153293 64.95056972697554 37 7.300000000000001 -0.1601375909601539
-16.31482979266135 64.95048349767679 39 12.100000000000001 -0.12533546716606844
-16.293671838139097 64.95043588216802 40 12.100000000000001 -0.14279523581093181
