-17.07599015234984 65.1751994681283 3 7.5 -0.14738637385983833
-17.011979408191475 65.17537165437213 6 3.6 -0.28787041301557903
-16.883955756778796 65.17563417902774 12 7.2 -0.1133407171712319
-16.862618258013832 65.17566732303958 13 7.1000000000000005 -0.09732887969267565
-16.73459236788052 65.17580252542203 19 4.800000000000001 -0.15297097558686373
-16.73459236788052 65.17580252542203 19 9.3 -0.1412477747002828
-16.713254615437464 65.17581444879406 20 4.7 -0.17319550660481708
-16.713254615437464 65.17581444879406 20 9.200000000000001 -0.11204808124188904
-16.69191684625628 65.17582334061977 21 4.7 -0.10289986464558082
-16.52121467529669 65.17578533940107 29 4.1000000000000005 -0.21340063366127907
-16.499876974870684 65.17576694729675 30 4.0 -0.2829767414857158
-16.47853930646153 65.17574552366352 31 3.9000000000000004 -0.32604693063240736
-16.47853930646153 65.17574552366352 31 7.1000000000000005 -0.15792335585232226
-16.45720167494459 65.1757210685092 32 3.9000000000000004 -0.37888278282284493
-16.43586408519516 65.17569358184278 33 4.0 -0.46541220508115894
-16.41452654208849 65.17566306367426 34 4.1000000000000005 -0.4813538258975156
-16.393189050499743 65.17562951401486 35 4.0 -0.533740297322237
-16.393189050499743 65.17562951401486 35 6.9 -0.18846143313773533
-16.371851615304024 65.17559293287684 36 4.0 -0.5454653958111526
-16.371851615304024 65.17559293287684 36 6.9 -0.16087545218272423
-16.35051424137635 65.17555332027358 37 4.0 -0.5707497856840382
-16.35051424137635 65.17555332027358 37 6.9 -0.14681336965281191
-16.35051424137635 65.17555332027358 37 9.600000000000001 -0.08470009640323833
-16.32917693359164 65.1755106762196 38 4.1000000000000005 -0.5879320421559694
-16.32917693359164 65.1755106762196 38 6.800000000000001 -0.12683228651806217
-16.32917693359164 65.1755106762196 38 9.600000000000001 -0.09239419216651384
-16.307839696824725 65.17546500073047 39 4.2 -0.5444889061999623
-16.307839696824725 65.17546500073047 39 6.800000000000001 -0.12900979284785258
-16.307839696824725 65.17546500073047 39 9.5 -0.09321622992145302
-16.28650253595033 65.17541629382295 40 4.3 -0.41408398999708995
-16.28650253595033 65.17541629382295 40 6.7 -0.16106958363387186
-16.265165455843064 65.17536455551483 41 4.2 -0.27874070571038856
-16.265165455843064 65.17536455551483 41 6.7 -0.11866501681385294
-16.201154748868355 65.17519115238186 44 6.7 -0.15088324139700005
-16.179818040573256 65.17512728867183 45 6.7 -0.16740362081854585
-16.179818040573256 65.17512728867183 45 7.5 -0.09420596576781544
-16.14 65.175 46 6.800000000000001 -0.1645209010370264
-16.14 65.175 46 7.4 -0.10399268016068945
