-16.74 65.2 0 16.0 0.07977055350771757
-16.74 65.1910310317964 1 15.9 0.08442384220002631
-16.74 65.18206205279402 2 16.1 0.08397124362888012
-16.74 65.17309306298999 3 16.0 0.08307426577501824
-16.74 65.16412406238142 4 16.0 0.08740454441018727
-16.74 65.1551550509654 5 16.0 0.07230085741223358
-16.74 65.14618602873907 6 15.9 0.060331813098886286
-16.74 65.1372169956995 7 16.0 0.0507654342124715
-16.74 65.12824795184385 8 33.0 0.05474937508380184
-16.74 65.11927889716921 9 33.6 0.06464571616031518
-16.74 65.1103098316727 10 23.400000000000002 0.04848530682715832
-16.74 65.10134075535142 11 23.5 0.054301458755486164
-16.74 65.0923716682025 12 23.6 0.06162518017445213
-16.74 65.08340257022309 13 23.5 0.06503152093836485
-16.74 65.07443346141025 14 23.6 0.06806102932140154
-16.74 65.06546434176113 15 23.400000000000002 0.06884565125553989
-16.74 65.05649521127286 16 25.200000000000003 0.06971960945375039
-16.74 65.04752606994253 17 25.400000000000002 0.07397755586764428
-16.74 65.03855691776731 18 25.3 0.08549145955532023
-16.74 65.0295877547443 19 25.400000000000002 0.08213728981919817
-16.74 65.0206185808706 20 25.200000000000003 0.07509437427137294
-16.74 65.01164939614338 21 25.1 0.070940329133382
-16.74 65.00268020055975 22 5.300000000000001 0.08063359525318736
-16.74 64.99371099411684 23 25.1 0.07130770581802436
-16.74 64.98474177681177 24 23.3 0.06977546128997296
-16.74 64.97577254864169 25 25.1 0.07795248950489546
-16.74 64.9668033096037 26 25.0 0.08849099875853611
-16.74 64.95783405969496 27 25.1 0.08803915005928671
-16.74 64.94886479891261 28 25.0 0.0967475037174114
-16.74 64.93989552725375 29 24.900000000000002 0.10738178621894068
-16.74 64.93092624471555 30 24.8 0.11303257186380203
-16.74 64.92195695129513 31 24.900000000000002 0.12349675866669885
-16.74 64.91298764698962 32 24.900000000000002 0.12487959437793907
-16.74 64.90401833179618 33 25.1 0.1333795698432427
-16.74 64.89504900571195 34 25.3 0.135144252609602
-16.74 64.88607966873406 35 23.700000000000003 0.10553952079958162
-16.74 64.87711032085966 36 7.4 0.1273420870183024
-16.74 64.86814096208587 37 7.2 0.13016621055545896
-16.74 64.85917159240987 38 7.0 0.18116805354361662
-16.74 64.85020221182876 39 7.5 0.2173113926634845
-16.74 64.84123282033974 40 6.2 0.23352280247341042
-16.74 64.83226341793991 41 6.2 0.2533815841725905
-16.74 64.82329400462646 42 6.300000000000001 0.22585587497493162
-16.74 64.81432458039652 43 5.9 0.11709050228514445
-16.74 64.8 44 23.400000000000002 0.09901048539499177
