-17.14 65.2 0 11.100000000000001 -0.09802843095782972
-17.14 65.2 0 27.0 -0.11495030911255961
-17.14 65.2 0 39.1 -0.07399438610950246
-17.14 65.1910310317964 1 11.0 -0.11961137615731349
-17.14 65.1910310317964 1 26.900000000000002 -0.12284257636292283
-17.14 65.1910310317964 1 39.300000000000004 -0.06430165635074125
-17.14 65.18206205279402 2 26.8 -0.1343224020383699
-17.14 65.17309306298999 3 26.900000000000002 -0.15249001751849003
-17.14 65.17309306298999 3 39.7 -0.06285942326421545
-17.14 65.16412406238142 4 26.900000000000002 -0.15432931917143042
-17.14 65.16412406238142 4 39.900000000000006 -0.06780897824851152
-17.14 65.1551550509654 5 27.0 -0.15831691741881623
-17.14 65.1551550509654 5 39.900000000000006 -0.06387230138955292
-17.14 65.14618602873907 6 27.1 -0.1512280985023831
-17.14 65.1372169956995 7 27.3 -0.13933262799785728
-17.14 65.12824795184385 8 27.5 -0.1257560710034776
-17.14 65.11927889716921 9 9.3 -0.08976415728496334
-17.14 65.11927889716921 9 27.700000000000003 -0.10983483689251249
-17.14 65.1103098316727 10 8.8 -0.12963153552458812
-17.14 65.1103098316727 10 27.700000000000003 -0.10432332833509692
-17.14 65.10134075535142 11 9.1 -0.11713500152405885
-17.14 65.10134075535142 11 27.6 -0.10240831053733083
-17.14 65.0923716682025 12 9.1 -0.11966927211997791
-17.14 65.0923716682025 12 27.400000000000002 -0.09112266143856561
-17.14 65.08340257022309 13 9.0 -0.12057292397269204
-17.14 65.08340257022309 13 27.3 -0.09157842946637855
-17.14 65.07443346141025 14 9.0 -0.11107490657858876
-17.14 65.07443346141025 14 27.3 -0.08743928820749802
-17.14 65.06546434176113 15 9.1 -0.11287433475821308
-17.14 65.06546434176113 15 27.200000000000003 -0.08737217593015287
-17.14 65.05649521127286 16 9.1 -0.1187001746148165
-17.14 65.05649521127286 16 27.3 -0.08932185395108216
-17.14 65.04752606994253 17 9.3 -0.16333358140326606
-17.14 65.04752606994253 17 27.5 -0.09176099049555961
-17.14 65.03855691776731 18 9.4 -0.2237147247206317
-17.14 65.03855691776731 18 27.5 -0.09764332150894299
-17.14 65.0295877547443 19 9.700000000000001 -0.21774993009926205
-17.14 65.0295877547443 19 27.400000000000002 -0.08522890654999375
-17.14 65.0206185808706 20 9.8 -0.17071442116020816
-17.14 65.0206185808706 20 27.400000000000002 -0.0767234318718114
-17.14 65.01164939614338 21 27.400000000000002 -0.06723638121250354
-17.14 65.01164939614338 21 51.300000000000004 -0.08205372329320738
-17.14 65.00268020055975 22 27.400000000000002 -0.06281046771928742
-17.14 65.00268020055975 22 51.6 -0.09725146163451172
-17.14 64.99371099411684 23 51.300000000000004 -0.09765741892130345
-17.14 64.98474177681177 24 51.300000000000004 -0.10039909027641428
-17.14 64.97577254864169 25 51.300000000000004 -0.10402119570633686
-17.14 64.9668033096037 26 51.2 -0.10815943839910831
-17.14 64.95783405969496 27 51.0 -0.10871868212668973
-17.14 64.94886479891261 28 50.5 -0.10093730064325071
-17.14 64.93989552725375 29 49.800000000000004 -0.09119682590384362
-17.14 64.93092624471555 30 49.300000000000004 -0.0759821475500497
-17.14 64.92195695129513 31 49.0 -0.07682167036855868
-17.14 64.91298764698962 32 48.400000000000006 -0.07799043751249421
-17.14 64.90401833179618 33 44.900000000000006 -0.07638121660367923
-17.14 64.90401833179618 33 48.300000000000004 -0.07591337163514639
-17.14 64.89504900571195 34 45.5 -0.08137223350985494
-17.14 64.88607966873406 35 29.6 -0.06637362904507368
-17.14 64.88607966873406 35 46.0 -0.08560906290882067
-17.14 64.87711032085966 36 4.1000000000000005 -0.06051493217447741
-17.14 64.87711032085966 36 29.6 -0.0649139478638411
-17.14 64.87711032085966 36 46.0 -0.08407872851337453
-17.14 64.86814096208587 37 29.5 -0.06528209705986475
-17.14 64.86814096208587 37 45.7 -0.08061443423867903
-17.14 64.85917159240987 38 29.5 -0.06451307496000686
-17.14 64.85917159240987 38 45.5 -0.08093323407889781
-17.14 64.85020221182876 39 45.400000000000006 -0.08184962143346128
-17.14 64.84123282033974 40 45.5 -0.0806803363396778
-17.14 64.83226341793991 41 29.8 -0.07866844398608062
-17.14 64.83226341793991 41 45.400000000000006 -0.08597284257161777
-17.14 64.82329400462646 42 30.0 -0.09610089159269541
-17.14 64.82329400462646 42 45.300000000000004 -0.09788649035904805
-17.14 64.81432458039652 43 30.200000000000003 -0.11015165317904461
-17.14 64.81432458039652 43 45.1 -0.10001926815120576
-17.14 64.8 44 30.200000000000003 -0.12805952841279158
-17.14 64.8 44 45.5 -0.1061635763487692
