-17.14 65.1 0 5.5 0.20525015734711186
-17.118723606804746 65.10006948347213 1 5.7 0.20677235816782924
-17.097447104983164 65.10013594601354 2 5.4 0.22726991430317545
-17.076170499362124 65.10019938760004 3 5.300000000000001 0.31301355055611085
-17.05489379476866 65.10025980820859 4 5.800000000000001 0.2996009242158693
-17.033616996029938 65.10031720781721 5 5.7 0.3025532615398234
-17.01234010797327 65.10037158640503 6 5.7 0.26002808933677907
-16.991063135426096 65.10042294395227 7 5.7 0.28089374119231436
-16.969786083215972 65.10047128044026 8 5.5 0.2566648156951962
-16.94850895617058 65.10051659585142 9 5.2 0.19763229363551343
-16.92723175911771 65.10055889016927 10 5.0 0.24258473497510274
-16.90595449688525 65.10059816337844 11 4.9 0.23966589638478053
-16.88467717430119 65.10063441546463 12 2.7 0.24839234707188634
-16.86339979619359 65.10066764641469 13 2.7 0.23889823827365003
-16.84212236739062 65.1006978562165 14 2.8000000000000003 0.21460520762788038
-16.820844892720498 65.10072504485909 15 2.9000000000000004 0.19687048412472252
-16.799567377011524 65.10074921233259 16 2.9000000000000004 0.18393100704020082
-16.77828982509205 65.10077035862817 17 2.9000000000000004 0.19132113934959485
-16.757012241790484 65.10078848373817 18 2.9000000000000004 0.20086069822651123
-16.73573463193528 65.100803587656 19 3.0 0.19208671633816227
-16.714457000354933 65.10081567037616 20 3.2 0.1942925106446096
-16.693179351877966 65.10082473189426 21 3.2 0.19985369257322302
-16.671901691332927 65.10083077220702 22 3.3000000000000003 0.18817057308719567
-16.65062402354838 65.1008337913122 23 3.3000000000000003 0.16753034111057913
-16.629346353352908 65.10083378920872 24 3.3000000000000003 0.15705982448082
-16.608068685575088 65.1008307658966 25 5.800000000000001 0.16612782716085434
-16.586791025043496 65.10082472137692 26 5.800000000000001 0.1564507852399225
-16.5655133765867 65.1008156556519 27 3.0 0.11318525303477905
-16.544235745033248 65.10080356872481 28 5.5 0.11174595396532463
-16.522958135211663 65.10078846060006 29 5.5 0.14283206313540672
-16.50168055195044 65.10077033128314 30 3.4000000000000004 0.14139463534183114
-16.48040300007803 65.10074918078067 31 3.4000000000000004 0.1263089645925474
-16.45912548442284 65.10072500910029 32 3.5 0.11649462233968821
-16.437848009813234 65.10069781625081 33 4.0 0.10122528387837718
-16.416570581077494 65.10066760224214 34 4.1000000000000005 0.10776540735770937
-16.39529320304386 65.10063436708525 35 4.1000000000000005 0.09964624317333884
-16.374015880540476 65.10059811079222 36 2.0 0.11286453251732073
-16.35273861839542 65.10055883337625 37 2.0 0.12590069286999198
-16.331461421436675 65.10051653485161 38 2.0 0.1299205492655643
-16.310184294492135 65.10047121523368 39 2.0 0.12983013677202326
-16.288907242389584 65.10042287453896 40 2.0 0.1296871153844684
-16.2676302699567 65.100371512785 41 2.0 0.12434060352004236
-16.24635338202105 65.1003171299905 42 2.0 0.11718629652007369
-16.225076583410065 65.10025972617521 43 2.1 0.10318962928309387
-16.20379987895106 65.10019930136004 44 4.9 0.08128238708299484
-16.182523273471205 65.10013585556692 45 5.0 0.08590168345168833
-16.14 65.1 46 5.1000000000000005 0.08082568133990267
