-17.14 65.2 0 9.200000000000001 0.23163331453117564
-17.14 65.1910310317964 1 9.200000000000001 0.23163331453117564
-17.14 65.18206205279402 2 9.200000000000001 0.18599877921139274
-17.14 65.17309306298999 3 9.3 0.15788406639581187
-17.14 65.16412406238142 4 9.3 0.1499301330339613
-17.14 65.1551550509654 5 9.4 0.11183896341260711
-17.14 65.14618602873907 6 14.0 0.12031206289256996
-17.14 65.1372169956995 7 13.9 0.09689269282954682
-17.14 65.12824795184385 8 14.0 0.09773964520969829
-17.14 65.11927889716921 9 14.0 0.10561316006643415
-17.14 65.1103098316727 10 14.100000000000001 0.09792327880651486
-17.14 65.10134075535142 11 5.6000000000000005 0.17176161361871978
-17.14 65.0923716682025 12 5.4 0.20655891292213535
-17.14 65.08340257022309 13 5.4 0.2044711565904243
-17.14 65.07443346141025 14 5.300000000000001 0.19280816235549691
-17.14 65.06546434176113 15 5.4 0.18481096908504682
-17.14 65.05649521127286 16 5.7 0.18409322902017072
-17.14 65.04752606994253 17 5.6000000000000005 0.1831482906222157
-17.14 65.03855691776731 18 5.7 0.18205743049691808
-17.14 65.0295877547443 19 7.0 0.2083433738165705
-17.14 65.0206185808706 20 6.7 0.46845575936081746
-17.14 65.01164939614338 21 6.7 0.5391383341008498
-17.14 65.00268020055975 22 6.7 0.6932982369949043
-17.14 64.99371099411684 23 6.7 0.7485042260575966
-17.14 64.98474177681177 24 6.7 0.7844138914437297
-17.14 64.97577254864169 25 6.7 0.8251047183014598
-17.14 64.9668033096037 26 6.9 0.7727411185051278
-17.14 64.95783405969496 27 11.700000000000001 0.07213176736211566
-17.14 64.94886479891261 28 11.700000000000001 0.05645741778886118
-17.14 64.93989552725375 29 13.5 0.08052691943595622
-17.14 64.93092624471555 30 13.600000000000001 0.07929325697824345
-17.14 64.92195695129513 31 9.200000000000001 0.08938504900747211
-17.14 64.91298764698962 32 9.200000000000001 0.08940062752079356
-17.14 64.90401833179618 33 9.200000000000001 0.08924609800538336
-17.14 64.89504900571195 34 13.600000000000001 0.10670824587499611
-17.14 64.88607966873406 35 13.600000000000001 0.12945341033844993
-17.14 64.87711032085966 36 13.600000000000001 0.23596369471528714
-17.14 64.86814096208587 37 13.700000000000001 0.2953993899524928
-17.14 64.85917159240987 38 13.700000000000001 0.29518984096554535
-17.14 64.85020221182876 39 7.0 0.2014425604429931
-17.14 64.84123282033974 40 7.0 0.2353717532348829
-17.14 64.83226341793991 41 7.0 0.2340323553515104
-17.14 64.82329400462646 42 7.0 0.22894301277493578
-17.14 64.81432458039652 43 7.0 0.20831205476687908
-17.14 64.8 44 7.7 0.12141565762449644
