-17.14 65.2 0 11.5 -0.06610963837149876
-17.14 65.1910310317964 1 11.5 -0.06311685680331972
-17.14 65.1103098316727 10 7.9 -0.13351188978894668
-17.14 65.07443346141025 14 9.700000000000001 -0.03410875274896808
-17.14 65.03855691776731 18 8.700000000000001 -0.1765145458097883
-17.14 65.0295877547443 19 8.8 -0.2270091054133997
-17.14 65.0206185808706 20 8.8 -0.2718900981956419
-17.14 64.99371099411684 23 8.700000000000001 -0.46754661283118215
-17.14 64.98474177681177 24 8.700000000000001 -0.4454139477526887
-17.14 64.97577254864169 25 8.700000000000001 -0.44532777560044096
-17.14 64.9668033096037 26 8.700000000000001 -0.4478834730111401
-17.14 64.81432458039652 43 10.700000000000001 -0.08358060236527756
