-17.14 64.95 0 50.6 -0.10164559205708065
-17.118842716238365 64.95006940865085 1 50.5 -0.10900286455060969
-17.0976853252982 64.95013581688275 2 50.7 -0.10606672709521467
-17.07652783191421 64.9501992246719 3 50.5 -0.10489054646797166
-17.055370240821244 64.95025963199552 4 17.3 -0.05469516351010332
-17.055370240821244 64.95025963199552 4 49.7 -0.09690041818727894
-17.034212556754294 64.95031703883193 5 9.9 -0.07600576144639057
-17.034212556754294 64.95031703883193 5 17.7 -0.06954679463887739
-17.034212556754294 64.95031703883193 5 49.5 -0.09053062294025219
-17.01305478444848 64.9503714451605 6 3.5 -0.10860130345009587
-17.01305478444848 64.9503714451605 6 9.9 -0.0720841518682261
-17.01305478444848 64.9503714451605 6 17.900000000000002 -0.09069996030213931
-17.01305478444848 64.9503714451605 6 38.400000000000006 -0.06789621496048485
-17.01305478444848 64.9503714451605 6 49.400000000000006 -0.09063855956650732
-16.991896928639058 64.95042285096171 7 17.900000000000002 -0.09740190490975174
-16.991896928639058 64.95042285096171 7 38.7 -0.07809458712260257
-16.991896928639058 64.95042285096171 7 49.300000000000004 -0.09437603368638665
-16.9707389940614 64.95047125621711 8 18.0 -0.0926853300292258
-16.9707389940614 64.95047125621711 8 38.7 -0.07510723886168892
-16.9707389940614 64.95047125621711 8 49.300000000000004 -0.10262913582070146
-16.949580985450986 64.95051666090933 9 18.2 -0.07648057120306048
-16.949580985450986 64.95051666090933 9 49.300000000000004 -0.10274270952474235
-16.928422907543414 64.95055906502205 10 38.7 -0.09252146394810148
-16.928422907543414 64.95055906502205 10 49.0 -0.11501664560012731
-16.907264765074373 64.95059846854005 11 38.800000000000004 -0.10431623713306507
-16.907264765074373 64.95059846854005 11 48.800000000000004 -0.10194608437475668
-16.886106562779645 64.9506348714492 12 38.800000000000004 -0.11154026992326521
-16.864948305395107 64.95066827373641 13 38.7 -0.117437948058861
-16.864948305395107 64.95066827373641 13 48.800000000000004 -0.09861042242460304
-16.843789997656707 64.95069867538969 14 38.800000000000004 -0.12308136601224176
-16.843789997656707 64.95069867538969 14 48.800000000000004 -0.10361630733127952
-16.822631644300465 64.95072607639813 15 38.900000000000006 -0.13195375903696158
-16.801473250062475 64.9507504767519 16 39.0 -0.12883416206739345
-16.780314819678882 64.95077187644223 17 18.3 -0.07855150429351437
-16.780314819678882 64.95077187644223 17 39.5 -0.09075709897668614
-16.75915635788588 64.95079027546144 18 18.3 -0.08540608856234011
-16.75915635788588 64.95079027546144 18 39.6 -0.09783549749386787
-16.73799786941973 64.95080567380293 19 17.8 -0.12006866180204596
-16.73799786941973 64.95080567380293 19 39.6 -0.1049435474416011
-16.73799786941973 64.95080567380293 19 48.300000000000004 -0.17628580724759735
-16.716839359016696 64.95081807146116 20 17.6 -0.13396520817078358
-16.716839359016696 64.95081807146116 20 39.400000000000006 -0.12834580372541307
-16.716839359016696 64.95081807146116 20 48.300000000000004 -0.1888483546980775
-16.695680831413107 64.95082746843167 21 17.6 -0.14148902514475145
-16.695680831413107 64.95082746843167 21 39.400000000000006 -0.12660999539524953
-16.695680831413107 64.95082746843167 21 48.300000000000004 -0.18570518124173893
-16.674522291345294 64.95083386471111 22 17.7 -0.1418181902346889
-16.674522291345294 64.95083386471111 22 39.300000000000004 -0.12264935796001747
-16.674522291345294 64.95083386471111 22 48.400000000000006 -0.17771860025680372
-16.653363743549622 64.95083726029718 23 17.7 -0.1266917694698034
-16.653363743549622 64.95083726029718 23 39.2 -0.10354394139958173
-16.653363743549622 64.95083726029718 23 48.1 -0.16304986953660214
-16.632205192762456 64.95083765518865 24 17.6 -0.11420712198898919
-16.611046643720172 64.95083504938538 25 17.6 -0.10531543634289565
-16.589888101159136 64.95082944288829 26 17.5 -0.0973578822768381
-16.568729569815712 64.95082083569943 27 17.5 -0.08041892675949545
-16.547571054426246 64.95080922782188 28 17.6 -0.06686338330724372
-16.52641255972706 64.95079461925978 29 9.0 -0.07941386564682346
-16.505254090454443 64.9507770100184 30 7.9 -0.09547789211736392
-16.484095651344656 64.95075640010405 31 7.800000000000001 -0.09893161419763387
-16.462937247133908 64.95073278952415 32 7.7 -0.10954965581186903
-16.441778882558364 64.95070617828715 33 7.6000000000000005 -0.11191558196368323
-16.420620562354127 64.95067656640262 34 7.6000000000000005 -0.11630328824165122
-16.399462291257237 64.9506439538812 35 7.6000000000000005 -0.12688487326568443
-16.378304074003662 64.95060834073458 36 7.5 -0.12538225271103132
-16.378304074003662 64.95060834073458 36 39.900000000000006 -0.11446108421166826
-16.3571459153293 64.95056972697554 37 7.6000000000000005 -0.12224614699347881
-16.3571459153293 64.95056972697554 37 39.900000000000006 -0.12840997317596367
-16.335987819969958 64.95052811261796 38 7.5 -0.10917074106026547
-16.335987819969958 64.95052811261796 38 39.900000000000006 -0.1256909538655644
-16.31482979266135 64.95048349767679 39 7.4 -0.08279359394523099
-16.31482979266135 64.95048349767679 39 39.900000000000006 -0.11921374108838766
-16.293671838139097 64.95043588216802 40 7.300000000000001 -0.07484300527538565
-16.293671838139097 64.95043588216802 40 16.5 -0.09306435057159938
-16.272513961138714 64.95038526610875 41 7.2 -0.07133423715800377
-16.272513961138714 64.95038526610875 41 16.8 -0.13047602737580755
-16.251356166395603 64.9503316495172 42 16.900000000000002 -0.14481508546770655
-16.230198458645045 64.95027503241255 43 16.8 -0.14423560604418312
-16.2090408426222 64.95021541481515 44 16.8 -0.14303028260885564
-16.187883323062096 64.95015279674642 45 7.1000000000000005 -0.06056312614346161
-16.187883323062096 64.95015279674642 45 16.900000000000002 -0.14926311680457668
-16.16672590469962 64.95008717822881 46 17.0 -0.14046689366618423
-16.14 64.95 47 17.1 -0.12625531967212972
