-17.14 65.2 0 21.1 0.08488718020738939
-17.14 65.1910310317964 1 14.8 0.08553806073646097
-17.14 65.18206205279402 2 21.0 0.08464798908997116
-17.14 65.17309306298999 3 21.200000000000003 0.08561886530058477
-17.14 65.16412406238142 4 21.0 0.07872171514111916
-17.14 65.1551550509654 5 20.8 0.07096530798401496
-17.14 65.14618602873907 6 52.0 0.06422379373593096
-17.14 65.1372169956995 7 22.0 0.06879127223153098
-17.14 65.12824795184385 8 18.900000000000002 0.08882729618281589
-17.14 65.11927889716921 9 18.7 0.09153788248182522
-17.14 65.1103098316727 10 22.1 0.09040362339720787
-17.14 65.10134075535142 11 22.1 0.08180056856555974
-17.14 65.0923716682025 12 4.4 0.10118196227252421
-17.14 65.08340257022309 13 22.3 0.07633325516420272
-17.14 65.07443346141025 14 22.3 0.0749498475815405
-17.14 65.06546434176113 15 22.3 0.08596003952967354
-17.14 65.05649521127286 16 22.200000000000003 0.10578234020250425
-17.14 65.04752606994253 17 21.5 0.11440503699324761
-17.14 65.03855691776731 18 21.6 0.11328812535439685
-17.14 65.0295877547443 19 5.9 0.13628392407308457
-17.14 65.0206185808706 20 5.9 0.2034057919974364
-17.14 65.01164939614338 21 5.9 0.15961193231717885
-17.14 65.00268020055975 22 5.9 0.1942236346684393
-17.14 64.99371099411684 23 5.800000000000001 0.19926093327435607
-17.14 64.98474177681177 24 5.5 0.2068288426025536
-17.14 64.97577254864169 25 5.5 0.2540700459204652
-17.14 64.9668033096037 26 5.7 0.26204400310339726
-17.14 64.95783405969496 27 5.7 0.21684225377151864
-17.14 64.94886479891261 28 5.6000000000000005 0.11603791052572164
-17.14 64.93989552725375 29 56.400000000000006 0.09427663891282553
-17.14 64.93092624471555 30 21.1 0.09341756628993657
-17.14 64.92195695129513 31 20.900000000000002 0.10249143449033313
-17.14 64.91298764698962 32 20.900000000000002 0.11080183095762247
-17.14 64.90401833179618 33 21.0 0.11791668895881886
-17.14 64.89504900571195 34 21.400000000000002 0.1308515215292083
-17.14 64.88607966873406 35 21.6 0.12298518194103764
-17.14 64.87711032085966 36 24.3 0.11722866330143021
-17.14 64.86814096208587 37 24.200000000000003 0.1316398646726058
-17.14 64.85917159240987 38 24.1 0.1666833957492823
-17.14 64.85020221182876 39 23.8 0.1651976530102657
-17.14 64.84123282033974 40 23.200000000000003 0.17321620438397203
-17.14 64.83226341793991 41 22.900000000000002 0.176366682802192
-17.14 64.82329400462646 42 23.0 0.20963159472831674
-17.14 64.81432458039652 43 23.200000000000003 0.23703564381749453
-17.14 64.8 44 23.200000000000003 0.23613160147891166
