-16.94 65.2 0 5.4 0.27741407167916
-16.94 65.1910310317964 1 5.4 0.27295024822122577
-16.94 65.18206205279402 2 5.5 0.2828234492349754
-16.94 65.17309306298999 3 5.5 0.28473383962580345
-16.94 65.16412406238142 4 5.5 0.2887751853178643
-16.94 65.1551550509654 5 5.5 0.2486776271181279
-16.94 65.14618602873907 6 5.6000000000000005 0.2279694679630381
-16.94 65.1372169956995 7 5.5 0.2023615908469634
-16.94 65.12824795184385 8 5.1000000000000005 0.18985138764428305
-16.94 65.11927889716921 9 5.0 0.19089031297451264
-16.94 65.1103098316727 10 5.1000000000000005 0.18633498650536998
-16.94 65.10134075535142 11 5.1000000000000005 0.2371863976657327
-16.94 65.0923716682025 12 5.2 0.20377775567948814
-16.94 65.08340257022309 13 5.0 0.19201447322661186
-16.94 65.07443346141025 14 5.1000000000000005 0.16890279139610487
-16.94 65.06546434176113 15 2.3000000000000003 0.1457526995689144
-16.94 65.05649521127286 16 2.3000000000000003 0.15653191831643282
-16.94 65.04752606994253 17 3.6 0.10413315906256435
-16.94 65.03855691776731 18 3.7 0.09096784979650965
-16.94 65.0295877547443 19 3.5 0.07574825164391526
-16.94 65.0206185808706 20 3.3000000000000003 0.09608142029824904
-16.94 65.01164939614338 21 6.6000000000000005 0.12872394162780382
-16.94 65.00268020055975 22 6.5 0.15055487674239426
-16.94 64.99371099411684 23 6.4 0.19661593720182508
-16.94 64.98474177681177 24 6.4 0.23099506158922067
-16.94 64.97577254864169 25 6.300000000000001 0.20083809850321355
-16.94 64.9668033096037 26 6.300000000000001 0.18722289575458836
-16.94 64.95783405969496 27 6.2 0.16072997108077852
-16.94 64.94886479891261 28 6.1000000000000005 0.12376120420208292
-16.94 64.93989552725375 29 5.300000000000001 0.12281381810751013
-16.94 64.93092624471555 30 5.300000000000001 0.11141995553420242
-16.94 64.92195695129513 31 14.9 0.13815832045170015
-16.94 64.91298764698962 32 14.9 0.1439539950101143
-16.94 64.90401833179618 33 6.9 0.1557194008896755
-16.94 64.89504900571195 34 6.800000000000001 0.1321773719723273
-16.94 64.88607966873406 35 3.3000000000000003 0.18494970529204618
-16.94 64.87711032085966 36 3.4000000000000004 0.19632050060835565
-16.94 64.86814096208587 37 3.4000000000000004 0.19979599872759013
-16.94 64.85917159240987 38 12.9 0.24843892786457697
-16.94 64.85020221182876 39 12.9 0.2648681497510371
-16.94 64.84123282033974 40 3.4000000000000004 0.31567857669062876
-16.94 64.83226341793991 41 3.4000000000000004 0.31607671423153505
-16.94 64.82329400462646 42 3.4000000000000004 0.31803592415345655
-16.94 64.81432458039652 43 3.4000000000000004 0.3266643836068235
-16.94 64.8 44 5.5 0.07983300981425918
