-16.461037306037408 65.02572891601497 32 0.0
-16.4398195720348 65.0257020149696 33 0.0
-16.4398195720348 65.0257020149696 33 0.1
-16.4398195720348 65.0257020149696 33 0.2
-16.4398195720348 65.0257020149696 33 0.30000000000000004
-16.4398195720348 65.0257020149696 33 0.4
-16.4398195720348 65.0257020149696 33 0.5
-16.4398195720348 65.0257020149696 33 0.6000000000000001
-16.4398195720348 65.0257020149696 33 0.7000000000000001
-16.4398195720348 65.0257020149696 33 0.8
-16.4398195720348 65.0257020149696 33 0.9
-16.4398195720348 65.0257020149696 33 1.0
-16.4398195720348 65.0257020149696 33 1.1
-16.4398195720348 65.0257020149696 33 1.2000000000000002
-16.418601883148984 65.02567210304969 34 0.4
-16.418601883148984 65.02567210304969 34 0.5
-16.418601883148984 65.02567210304969 34 0.6000000000000001
-16.418601883148984 65.02567210304969 34 0.7000000000000001
-16.418601883148984 65.02567210304969 34 0.8
-16.418601883148984 65.02567210304969 34 0.9
-16.418601883148984 65.02567210304969 34 1.0
-16.418601883148984 65.02567210304969 34 1.1
-16.418601883148984 65.02567210304969 34 1.2000000000000002
-16.418601883148984 65.02567210304969 34 1.3
-16.418601883148984 65.02567210304969 34 1.4000000000000001
-16.418601883148984 65.02567210304969 34 1.5
-16.418601883148984 65.02567210304969 34 1.6
-16.418601883148984 65.02567210304969 34 1.7000000000000002
-16.418601883148984 65.02567210304969 34 1.8
-16.418601883148984 65.02567210304969 34 1.9000000000000001
-16.418601883148984 65.02567210304969 34 2.0
-16.418601883148984 65.02567210304969 34 2.1
-16.418601883148984 65.02567210304969 34 2.2
-16.418601883148984 65.02567210304969 34 2.3000000000000003
-16.418601883148984 65.02567210304969 34 2.4000000000000004
-16.397384244161806 65.02563918026607 35 0.2
-16.397384244161806 65.02563918026607 35 0.30000000000000004
-16.397384244161806 65.02563918026607 35 0.4
-16.397384244161806 65.02563918026607 35 0.5
-16.397384244161806 65.02563918026607 35 0.6000000000000001
-16.397384244161806 65.02563918026607 35 0.7000000000000001
-16.397384244161806 65.02563918026607 35 0.8
-16.397384244161806 65.02563918026607 35 0.9
-16.397384244161806 65.02563918026607 35 1.0
-16.397384244161806 65.02563918026607 35 1.1
-16.397384244161806 65.02563918026607 35 1.2000000000000002
-16.397384244161806 65.02563918026607 35 1.3
-16.397384244161806 65.02563918026607 35 1.4000000000000001
-16.397384244161806 65.02563918026607 35 1.5
-16.397384244161806 65.02563918026607 35 1.6
-16.397384244161806 65.02563918026607 35 1.7000000000000002
-16.397384244161806 65.02563918026607 35 1.8
-16.397384244161806 65.02563918026607 35 1.9000000000000001
-16.397384244161806 65.02563918026607 35 2.0
-16.397384244161806 65.02563918026607 35 2.1
-16.397384244161806 65.02563918026607 35 2.2
-16.397384244161806 65.02563918026607 35 2.3000000000000003
-16.397384244161806 65.02563918026607 35 2.4000000000000004
-16.397384244161806 65.02563918026607 35 2.5
-16.397384244161806 65.02563918026607 35 2.6
-16.397384244161806 65.02563918026607 35 2.7
-16.397384244161806 65.02563918026607 35 2.8000000000000003
-16.397384244161806 65.02563918026607 35 2.9000000000000004
-16.397384244161806 65.02563918026607 35 3.0
-16.397384244161806 65.02563918026607 35 3.1
-16.397384244161806 65.02563918026607 35 3.2
-16.397384244161806 65.02563918026607 35 3.3000000000000003
-16.397384244161806 65.02563918026607 35 3.4000000000000004
-16.397384244161806 65.02563918026607 35 3.5
-16.376166659855055 65.02560324663061 36 0.0
-16.376166659855055 65.02560324663061 36 0.1
-16.376166659855055 65.02560324663061 36 0.2
-16.376166659855055 65.02560324663061 36 0.30000000000000004
-16.376166659855055 65.02560324663061 36 0.4
-16.376166659855055 65.02560324663061 36 0.5
-16.376166659855055 65.02560324663061 36 0.6000000000000001
-16.376166659855055 65.02560324663061 36 0.7000000000000001
-16.376166659855055 65.02560324663061 36 0.8
-16.376166659855055 65.02560324663061 36 0.9
-16.376166659855055 65.02560324663061 36 1.0
-16.376166659855055 65.02560324663061 36 1.1
-16.376166659855055 65.02560324663061 36 1.2000000000000002
-16.376166659855055 65.02560324663061 36 1.3
-16.376166659855055 65.02560324663061 36 1.4000000000000001
-16.376166659855055 65.02560324663061 36 1.5
-16.376166659855055 65.02560324663061 36 1.6
-16.376166659855055 65.02560324663061 36 1.7000000000000002
-16.376166659855055 65.02560324663061 36 1.8
-16.376166659855055 65.02560324663061 36 1.9000000000000001
-16.376166659855055 65.02560324663061 36 2.0
-16.376166659855055 65.02560324663061 36 2.1
-16.376166659855055 65.02560324663061 36 2.2
-16.376166659855055 65.02560324663061 36 2.3000000000000003
-16.376166659855055 65.02560324663061 36 2.4000000000000004
-16.376166659855055 65.02560324663061 36 2.5
-16.376166659855055 65.02560324663061 36 2.6
-16.376166659855055 65.02560324663061 36 2.7
-16.376166659855055 65.02560324663061 36 2.8000000000000003
-16.376166659855055 65.02560324663061 36 2.9000000000000004
-16.376166659855055 65.02560324663061 36 3.0
-16.376166659855055 65.02560324663061 36 3.1
-16.376166659855055 65.02560324663061 36 3.2
-16.376166659855055 65.02560324663061 36 3.3000000000000003
-16.376166659855055 65.02560324663061 36 3.4000000000000004
-16.376166659855055 65.02560324663061 36 3.5
-16.376166659855055 65.02560324663061 36 3.6
-16.376166659855055 65.02560324663061 36 3.7
-16.376166659855055 65.02560324663061 36 3.8000000000000003
-16.376166659855055 65.02560324663061 36 3.9000000000000004
-16.376166659855055 65.02560324663061 36 4.0
-16.376166659855055 65.02560324663061 36 4.1000000000000005
-16.376166659855055 65.02560324663061 36 4.2
-16.376166659855055 65.02560324663061 36 4.3
-16.376166659855055 65.02560324663061 36 4.4
-16.35494913501043 65.0255643021563 37 0.0
-16.35494913501043 65.0255643021563 37 0.1
-16.35494913501043 65.0255643021563 37 0.2
-16.35494913501043 65.0255643021563 37 0.30000000000000004
-16.35494913501043 65.0255643021563 37 0.4
-16.35494913501043 65.0255643021563 37 0.5
-16.35494913501043 65.0255643021563 37 0.6000000000000001
-16.35494913501043 65.0255643021563 37 0.7000000000000001
-16.35494913501043 65.0255643021563 37 0.8
-16.35494913501043 65.0255643021563 37 0.9
-16.35494913501043 65.0255643021563 37 1.0
-16.35494913501043 65.0255643021563 37 1.1
-16.35494913501043 65.0255643021563 37 1.2000000000000002
-16.35494913501043 65.0255643021563 37 1.3
-16.35494913501043 65.0255643021563 37 1.4000000000000001
-16.35494913501043 65.0255643021563 37 1.5
-16.35494913501043 65.0255643021563 37 1.6
-16.35494913501043 65.0255643021563 37 1.7000000000000002
-16.35494913501043 65.0255643021563 37 1.8
-16.35494913501043 65.0255643021563 37 1.9000000000000001
-16.35494913501043 65.0255643021563 37 2.0
-16.35494913501043 65.0255643021563 37 2.1
-16.35494913501043 65.0255643021563 37 2.2
-16.35494913501043 65.0255643021563 37 2.3000000000000003
-16.35494913501043 65.0255643021563 37 2.4000000000000004
-16.35494913501043 65.0255643021563 37 2.5
-16.35494913501043 65.0255643021563 37 2.6
-16.35494913501043 65.0255643021563 37 2.7
-16.35494913501043 65.0255643021563 37 2.8000000000000003
-16.35494913501043 65.0255643021563 37 2.9000000000000004
-16.35494913501043 65.0255643021563 37 3.0
-16.35494913501043 65.0255643021563 37 3.1
-16.35494913501043 65.0255643021563 37 3.2
-16.35494913501043 65.0255643021563 37 3.3000000000000003
-16.35494913501043 65.0255643021563 37 3.4000000000000004
-16.35494913501043 65.0255643021563 37 3.5
-16.35494913501043 65.0255643021563 37 3.6
-16.35494913501043 65.0255643021563 37 3.7
-16.35494913501043 65.0255643021563 37 3.8000000000000003
-16.35494913501043 65.0255643021563 37 3.9000000000000004
-16.35494913501043 65.0255643021563 37 4.0
-16.35494913501043 65.0255643021563 37 4.1000000000000005
-16.35494913501043 65.0255643021563 37 4.2
-16.35494913501043 65.0255643021563 37 4.3
-16.35494913501043 65.0255643021563 37 4.4
-16.35494913501043 65.0255643021563 37 4.5
-16.35494913501043 65.0255643021563 37 4.6000000000000005
-16.35494913501043 65.0255643021563 37 4.7
-16.35494913501043 65.0255643021563 37 4.800000000000001
-16.35494913501043 65.0255643021563 37 4.9
-16.35494913501043 65.0255643021563 37 5.0
-16.35494913501043 65.0255643021563 37 5.1000000000000005
-16.35494913501043 65.0255643021563 37 5.2
-16.33373167440954 65.0255223468572 38 0.0
-16.33373167440954 65.0255223468572 38 0.1
-16.33373167440954 65.0255223468572 38 0.2
-16.33373167440954 65.0255223468572 38 0.30000000000000004
-16.33373167440954 65.0255223468572 38 0.4
-16.33373167440954 65.0255223468572 38 0.5
-16.33373167440954 65.0255223468572 38 0.6000000000000001
-16.33373167440954 65.0255223468572 38 0.7000000000000001
-16.33373167440954 65.0255223468572 38 0.8
-16.33373167440954 65.0255223468572 38 0.9
-16.33373167440954 65.0255223468572 38 1.0
-16.33373167440954 65.0255223468572 38 1.1
-16.33373167440954 65.0255223468572 38 1.2000000000000002
-16.33373167440954 65.0255223468572 38 1.3
-16.33373167440954 65.0255223468572 38 1.4000000000000001
-16.33373167440954 65.0255223468572 38 1.5
-16.33373167440954 65.0255223468572 38 1.6
-16.33373167440954 65.0255223468572 38 1.7000000000000002
-16.33373167440954 65.0255223468572 38 1.8
-16.33373167440954 65.0255223468572 38 1.9000000000000001
-16.33373167440954 65.0255223468572 38 2.0
-16.33373167440954 65.0255223468572 38 2.1
-16.33373167440954 65.0255223468572 38 2.2
-16.33373167440954 65.0255223468572 38 2.3000000000000003
-16.33373167440954 65.0255223468572 38 2.4000000000000004
-16.33373167440954 65.0255223468572 38 2.5
-16.33373167440954 65.0255223468572 38 2.6
-16.33373167440954 65.0255223468572 38 2.7
-16.33373167440954 65.0255223468572 38 2.8000000000000003
-16.33373167440954 65.0255223468572 38 2.9000000000000004
-16.33373167440954 65.0255223468572 38 3.0
-16.33373167440954 65.0255223468572 38 3.1
-16.33373167440954 65.0255223468572 38 3.2
-16.33373167440954 65.0255223468572 38 3.3000000000000003
-16.33373167440954 65.0255223468572 38 3.4000000000000004
-16.33373167440954 65.0255223468572 38 3.5
-16.33373167440954 65.0255223468572 38 3.6
-16.33373167440954 65.0255223468572 38 3.7
-16.33373167440954 65.0255223468572 38 3.8000000000000003
-16.33373167440954 65.0255223468572 38 3.9000000000000004
-16.33373167440954 65.0255223468572 38 4.0
-16.33373167440954 65.0255223468572 38 4.1000000000000005
-16.33373167440954 65.0255223468572 38 4.2
-16.33373167440954 65.0255223468572 38 4.3
-16.33373167440954 65.0255223468572 38 4.4
-16.33373167440954 65.0255223468572 38 4.5
-16.33373167440954 65.0255223468572 38 4.6000000000000005
-16.33373167440954 65.0255223468572 38 4.7
-16.33373167440954 65.0255223468572 38 4.800000000000001
-16.33373167440954 65.0255223468572 38 4.9
-16.33373167440954 65.0255223468572 38 5.0
-16.33373167440954 65.0255223468572 38 5.1000000000000005
-16.33373167440954 65.0255223468572 38 5.2
-16.33373167440954 65.0255223468572 38 5.300000000000001
-16.33373167440954 65.0255223468572 38 5.4
-16.33373167440954 65.0255223468572 38 5.5
-16.33373167440954 65.0255223468572 38 5.6000000000000005
-16.33373167440954 65.0255223468572 38 5.7
-16.33373167440954 65.0255223468572 38 5.800000000000001
-16.33373167440954 65.0255223468572 38 5.9
-16.33373167440954 65.0255223468572 38 6.0
-16.31251428283392 65.0254773807485 39 0.0
-16.31251428283392 65.0254773807485 39 0.1
-16.31251428283392 65.0254773807485 39 0.2
-16.31251428283392 65.0254773807485 39 0.30000000000000004
-16.31251428283392 65.0254773807485 39 0.4
-16.31251428283392 65.0254773807485 39 0.5
-16.31251428283392 65.0254773807485 39 0.6000000000000001
-16.31251428283392 65.0254773807485 39 0.7000000000000001
-16.31251428283392 65.0254773807485 39 0.8
-16.31251428283392 65.0254773807485 39 0.9
-16.31251428283392 65.0254773807485 39 1.0
-16.31251428283392 65.0254773807485 39 1.1
-16.31251428283392 65.0254773807485 39 1.2000000000000002
-16.31251428283392 65.0254773807485 39 1.3
-16.31251428283392 65.0254773807485 39 1.4000000000000001
-16.31251428283392 65.0254773807485 39 1.5
-16.31251428283392 65.0254773807485 39 1.6
-16.31251428283392 65.0254773807485 39 1.7000000000000002
-16.31251428283392 65.0254773807485 39 1.8
-16.31251428283392 65.0254773807485 39 1.9000000000000001
-16.31251428283392 65.0254773807485 39 2.0
-16.31251428283392 65.0254773807485 39 2.1
-16.31251428283392 65.0254773807485 39 2.2
-16.31251428283392 65.0254773807485 39 2.3000000000000003
-16.31251428283392 65.0254773807485 39 2.4000000000000004
-16.31251428283392 65.0254773807485 39 2.5
-16.31251428283392 65.0254773807485 39 2.6
-16.31251428283392 65.0254773807485 39 2.7
-16.31251428283392 65.0254773807485 39 2.8000000000000003
-16.31251428283392 65.0254773807485 39 2.9000000000000004
-16.31251428283392 65.0254773807485 39 3.0
-16.31251428283392 65.0254773807485 39 3.1
-16.31251428283392 65.0254773807485 39 3.2
-16.31251428283392 65.0254773807485 39 3.3000000000000003
-16.31251428283392 65.0254773807485 39 3.4000000000000004
-16.31251428283392 65.0254773807485 39 3.5
-16.31251428283392 65.0254773807485 39 3.6
-16.31251428283392 65.0254773807485 39 3.7
-16.31251428283392 65.0254773807485 39 3.8000000000000003
-16.31251428283392 65.0254773807485 39 3.9000000000000004
-16.31251428283392 65.0254773807485 39 4.0
-16.31251428283392 65.0254773807485 39 4.1000000000000005
-16.31251428283392 65.0254773807485 39 4.2
-16.31251428283392 65.0254773807485 39 4.3
-16.31251428283392 65.0254773807485 39 4.4
-16.31251428283392 65.0254773807485 39 4.5
-16.31251428283392 65.0254773807485 39 4.6000000000000005
-16.31251428283392 65.0254773807485 39 4.7
-16.31251428283392 65.0254773807485 39 4.800000000000001
-16.31251428283392 65.0254773807485 39 4.9
-16.31251428283392 65.0254773807485 39 5.0
-16.31251428283392 65.0254773807485 39 5.1000000000000005
-16.31251428283392 65.0254773807485 39 5.2
-16.31251428283392 65.0254773807485 39 5.300000000000001
-16.31251428283392 65.0254773807485 39 5.4
-16.31251428283392 65.0254773807485 39 5.5
-16.31251428283392 65.0254773807485 39 5.6000000000000005
-16.31251428283392 65.0254773807485 39 5.7
-16.31251428283392 65.0254773807485 39 5.800000000000001
-16.31251428283392 65.0254773807485 39 5.9
-16.31251428283392 65.0254773807485 39 6.0
-16.31251428283392 65.0254773807485 39 6.1000000000000005
-16.31251428283392 65.0254773807485 39 6.2
-16.31251428283392 65.0254773807485 39 6.300000000000001
-16.31251428283392 65.0254773807485 39 6.4
-16.31251428283392 65.0254773807485 39 6.5
-16.31251428283392 65.0254773807485 39 6.6000000000000005
-16.31251428283392 65.0254773807485 39 6.7
-16.31251428283392 65.0254773807485 39 6.800000000000001
-16.291296965064983 65.02542940384643 40 0.0
-16.291296965064983 65.02542940384643 40 0.1
-16.291296965064983 65.02542940384643 40 0.2
-16.291296965064983 65.02542940384643 40 0.30000000000000004
-16.291296965064983 65.02542940384643 40 0.4
-16.291296965064983 65.02542940384643 40 0.5
-16.291296965064983 65.02542940384643 40 0.6000000000000001
-16.291296965064983 65.02542940384643 40 0.7000000000000001
-16.291296965064983 65.02542940384643 40 0.8
-16.291296965064983 65.02542940384643 40 0.9
-16.291296965064983 65.02542940384643 40 1.0
-16.291296965064983 65.02542940384643 40 1.1
-16.291296965064983 65.02542940384643 40 1.2000000000000002
-16.291296965064983 65.02542940384643 40 1.3
-16.291296965064983 65.02542940384643 40 1.4000000000000001
-16.291296965064983 65.02542940384643 40 1.5
-16.291296965064983 65.02542940384643 40 1.6
-16.291296965064983 65.02542940384643 40 1.7000000000000002
-16.291296965064983 65.02542940384643 40 1.8
-16.291296965064983 65.02542940384643 40 1.9000000000000001
-16.291296965064983 65.02542940384643 40 2.0
-16.291296965064983 65.02542940384643 40 2.1
-16.291296965064983 65.02542940384643 40 2.2
-16.291296965064983 65.02542940384643 40 2.3000000000000003
-16.291296965064983 65.02542940384643 40 2.4000000000000004
-16.291296965064983 65.02542940384643 40 2.5
-16.291296965064983 65.02542940384643 40 2.6
-16.291296965064983 65.02542940384643 40 2.7
-16.291296965064983 65.02542940384643 40 2.8000000000000003
-16.291296965064983 65.02542940384643 40 2.9000000000000004
-16.291296965064983 65.02542940384643 40 3.0
-16.291296965064983 65.02542940384643 40 3.1
-16.291296965064983 65.02542940384643 40 3.2
-16.291296965064983 65.02542940384643 40 3.3000000000000003
-16.291296965064983 65.02542940384643 40 3.4000000000000004
-16.291296965064983 65.02542940384643 40 3.5
-16.291296965064983 65.02542940384643 40 3.6
-16.291296965064983 65.02542940384643 40 3.7
-16.291296965064983 65.02542940384643 40 3.8000000000000003
-16.291296965064983 65.02542940384643 40 3.9000000000000004
-16.291296965064983 65.02542940384643 40 4.0
-16.291296965064983 65.02542940384643 40 4.1000000000000005
-16.291296965064983 65.02542940384643 40 4.2
-16.291296965064983 65.02542940384643 40 4.3
-16.291296965064983 65.02542940384643 40 6.7
-16.291296965064983 65.02542940384643 40 6.800000000000001
-16.291296965064983 65.02542940384643 40 6.9
-16.291296965064983 65.02542940384643 40 7.0
-16.291296965064983 65.02542940384643 40 7.1000000000000005
-16.291296965064983 65.02542940384643 40 7.2
-16.291296965064983 65.02542940384643 40 7.300000000000001
-16.291296965064983 65.02542940384643 40 7.4
-16.291296965064983 65.02542940384643 40 7.5
-16.270079725884045 65.02537841616832 41 0.0
-16.270079725884045 65.02537841616832 41 0.1
-16.270079725884045 65.02537841616832 41 0.2
-16.270079725884045 65.02537841616832 41 0.30000000000000004
-16.270079725884045 65.02537841616832 41 0.4
-16.270079725884045 65.02537841616832 41 0.5
-16.270079725884045 65.02537841616832 41 0.6000000000000001
-16.270079725884045 65.02537841616832 41 0.7000000000000001
-16.270079725884045 65.02537841616832 41 0.8
-16.270079725884045 65.02537841616832 41 0.9
-16.270079725884045 65.02537841616832 41 1.0
-16.270079725884045 65.02537841616832 41 1.1
-16.270079725884045 65.02537841616832 41 1.2000000000000002
-16.270079725884045 65.02537841616832 41 1.3
-16.270079725884045 65.02537841616832 41 1.4000000000000001
-16.270079725884045 65.02537841616832 41 1.5
-16.270079725884045 65.02537841616832 41 1.6
-16.270079725884045 65.02537841616832 41 1.7000000000000002
-16.270079725884045 65.02537841616832 41 1.8
-16.270079725884045 65.02537841616832 41 1.9000000000000001
-16.270079725884045 65.02537841616832 41 2.0
-16.270079725884045 65.02537841616832 41 2.1
-16.270079725884045 65.02537841616832 41 2.2
-16.270079725884045 65.02537841616832 41 2.3000000000000003
-16.270079725884045 65.02537841616832 41 2.4000000000000004
-16.270079725884045 65.02537841616832 41 2.5
-16.270079725884045 65.02537841616832 41 2.6
-16.270079725884045 65.02537841616832 41 2.7
-16.270079725884045 65.02537841616832 41 2.8000000000000003
-16.270079725884045 65.02537841616832 41 2.9000000000000004
-16.270079725884045 65.02537841616832 41 3.0
-16.270079725884045 65.02537841616832 41 3.1
-16.270079725884045 65.02537841616832 41 3.2
-16.270079725884045 65.02537841616832 41 3.3000000000000003
-16.270079725884045 65.02537841616832 41 3.4000000000000004
-16.270079725884045 65.02537841616832 41 3.5
-16.270079725884045 65.02537841616832 41 3.6
-16.270079725884045 65.02537841616832 41 3.7
-16.270079725884045 65.02537841616832 41 8.200000000000001
-16.24886257007231 65.02532441773259 42 0.0
-16.24886257007231 65.02532441773259 42 0.1
-16.24886257007231 65.02532441773259 42 0.2
-16.24886257007231 65.02532441773259 42 0.30000000000000004
-16.24886257007231 65.02532441773259 42 0.4
-16.24886257007231 65.02532441773259 42 0.5
-16.24886257007231 65.02532441773259 42 0.6000000000000001
-16.24886257007231 65.02532441773259 42 0.7000000000000001
-16.24886257007231 65.02532441773259 42 0.8
-16.24886257007231 65.02532441773259 42 0.9
-16.24886257007231 65.02532441773259 42 1.0
-16.24886257007231 65.02532441773259 42 1.1
-16.24886257007231 65.02532441773259 42 1.2000000000000002
-16.24886257007231 65.02532441773259 42 1.3
-16.24886257007231 65.02532441773259 42 1.4000000000000001
-16.24886257007231 65.02532441773259 42 1.5
-16.24886257007231 65.02532441773259 42 1.6
-16.24886257007231 65.02532441773259 42 1.7000000000000002
-16.24886257007231 65.02532441773259 42 1.8
-16.24886257007231 65.02532441773259 42 1.9000000000000001
-16.24886257007231 65.02532441773259 42 2.0
-16.24886257007231 65.02532441773259 42 2.1
-16.24886257007231 65.02532441773259 42 2.2
-16.24886257007231 65.02532441773259 42 2.3000000000000003
-16.24886257007231 65.02532441773259 42 2.4000000000000004
-16.24886257007231 65.02532441773259 42 2.5
-16.24886257007231 65.02532441773259 42 2.6
-16.24886257007231 65.02532441773259 42 2.7
-16.24886257007231 65.02532441773259 42 2.8000000000000003
-16.24886257007231 65.02532441773259 42 2.9000000000000004
-16.24886257007231 65.02532441773259 42 3.0
-16.24886257007231 65.02532441773259 42 3.1
-16.24886257007231 65.02532441773259 42 3.2
-16.24886257007231 65.02532441773259 42 3.3000000000000003
-16.24886257007231 65.02532441773259 42 3.4000000000000004
-16.24886257007231 65.02532441773259 42 3.5
-16.24886257007231 65.02532441773259 42 3.6
-16.24886257007231 65.02532441773259 42 3.7
-16.22764550241086 65.02526740855876 43 0.0
-16.22764550241086 65.02526740855876 43 0.1
-16.22764550241086 65.02526740855876 43 0.2
-16.22764550241086 65.02526740855876 43 0.30000000000000004
-16.22764550241086 65.02526740855876 43 0.4
-16.22764550241086 65.02526740855876 43 0.5
-16.22764550241086 65.02526740855876 43 0.6000000000000001
-16.22764550241086 65.02526740855876 43 0.7000000000000001
-16.22764550241086 65.02526740855876 43 0.8
-16.22764550241086 65.02526740855876 43 0.9
-16.22764550241086 65.02526740855876 43 1.0
-16.22764550241086 65.02526740855876 43 1.1
-16.22764550241086 65.02526740855876 43 1.2000000000000002
-16.22764550241086 65.02526740855876 43 1.3
-16.22764550241086 65.02526740855876 43 1.4000000000000001
-16.22764550241086 65.02526740855876 43 1.5
-16.22764550241086 65.02526740855876 43 1.6
-16.22764550241086 65.02526740855876 43 1.7000000000000002
-16.22764550241086 65.02526740855876 43 1.8
-16.22764550241086 65.02526740855876 43 1.9000000000000001
-16.22764550241086 65.02526740855876 43 2.0
-16.22764550241086 65.02526740855876 43 2.1
-16.22764550241086 65.02526740855876 43 2.2
-16.22764550241086 65.02526740855876 43 2.3000000000000003
-16.22764550241086 65.02526740855876 43 2.4000000000000004
-16.22764550241086 65.02526740855876 43 2.5
-16.22764550241086 65.02526740855876 43 2.6
-16.22764550241086 65.02526740855876 43 2.7
-16.22764550241086 65.02526740855876 43 2.8000000000000003
-16.22764550241086 65.02526740855876 43 2.9000000000000004
-16.22764550241086 65.02526740855876 43 3.0
-16.22764550241086 65.02526740855876 43 3.1
-16.22764550241086 65.02526740855876 43 3.2
-16.22764550241086 65.02526740855876 43 3.3000000000000003
-16.22764550241086 65.02526740855876 43 3.4000000000000004
-16.22764550241086 65.02526740855876 43 3.5
-16.22764550241086 65.02526740855876 43 3.6
-16.22764550241086 65.02526740855876 43 3.7
-16.22764550241086 65.02526740855876 43 3.8000000000000003
-16.22764550241086 65.02526740855876 43 3.9000000000000004
-16.20642852768064 65.02520738866743 44 0.0
-16.20642852768064 65.02520738866743 44 0.1
-16.20642852768064 65.02520738866743 44 0.2
-16.20642852768064 65.02520738866743 44 0.30000000000000004
-16.20642852768064 65.02520738866743 44 0.4
-16.20642852768064 65.02520738866743 44 0.5
-16.20642852768064 65.02520738866743 44 0.6000000000000001
-16.20642852768064 65.02520738866743 44 0.7000000000000001
-16.20642852768064 65.02520738866743 44 0.8
-16.20642852768064 65.02520738866743 44 0.9
-16.20642852768064 65.02520738866743 44 1.0
-16.20642852768064 65.02520738866743 44 1.1
-16.20642852768064 65.02520738866743 44 1.2000000000000002
-16.20642852768064 65.02520738866743 44 1.3
-16.20642852768064 65.02520738866743 44 1.4000000000000001
-16.20642852768064 65.02520738866743 44 1.5
-16.20642852768064 65.02520738866743 44 1.6
-16.20642852768064 65.02520738866743 44 1.7000000000000002
-16.20642852768064 65.02520738866743 44 1.8
-16.20642852768064 65.02520738866743 44 1.9000000000000001
-16.20642852768064 65.02520738866743 44 2.0
-16.20642852768064 65.02520738866743 44 2.1
-16.20642852768064 65.02520738866743 44 2.2
-16.20642852768064 65.02520738866743 44 2.3000000000000003
-16.20642852768064 65.02520738866743 44 2.4000000000000004
-16.20642852768064 65.02520738866743 44 2.5
-16.20642852768064 65.02520738866743 44 2.6
-16.20642852768064 65.02520738866743 44 2.7
-16.20642852768064 65.02520738866743 44 2.8000000000000003
-16.20642852768064 65.02520738866743 44 2.9000000000000004
-16.20642852768064 65.02520738866743 44 3.0
-16.20642852768064 65.02520738866743 44 3.1
-16.20642852768064 65.02520738866743 44 3.2
-16.20642852768064 65.02520738866743 44 3.3000000000000003
-16.20642852768064 65.02520738866743 44 3.4000000000000004
-16.20642852768064 65.02520738866743 44 3.5
-16.20642852768064 65.02520738866743 44 3.6
-16.20642852768064 65.02520738866743 44 3.7
-16.20642852768064 65.02520738866743 44 3.8000000000000003
-16.20642852768064 65.02520738866743 44 3.9000000000000004
-16.20642852768064 65.02520738866743 44 4.0
-16.20642852768064 65.02520738866743 44 4.1000000000000005
-16.20642852768064 65.02520738866743 44 4.2
-16.20642852768064 65.02520738866743 44 4.3
-16.185211650662474 65.02514435808027 45 0.0
-16.185211650662474 65.02514435808027 45 0.1
-16.185211650662474 65.02514435808027 45 0.2
-16.185211650662474 65.02514435808027 45 0.30000000000000004
-16.185211650662474 65.02514435808027 45 0.4
-16.185211650662474 65.02514435808027 45 0.5
-16.185211650662474 65.02514435808027 45 0.6000000000000001
-16.185211650662474 65.02514435808027 45 0.7000000000000001
-16.185211650662474 65.02514435808027 45 0.8
-16.185211650662474 65.02514435808027 45 0.9
-16.185211650662474 65.02514435808027 45 1.0
-16.185211650662474 65.02514435808027 45 1.1
-16.185211650662474 65.02514435808027 45 1.2000000000000002
-16.185211650662474 65.02514435808027 45 1.3
-16.185211650662474 65.02514435808027 45 1.4000000000000001
-16.185211650662474 65.02514435808027 45 1.5
-16.185211650662474 65.02514435808027 45 1.6
-16.185211650662474 65.02514435808027 45 1.7000000000000002
-16.185211650662474 65.02514435808027 45 1.8
-16.185211650662474 65.02514435808027 45 1.9000000000000001
-16.185211650662474 65.02514435808027 45 2.0
-16.185211650662474 65.02514435808027 45 2.1
-16.185211650662474 65.02514435808027 45 2.2
-16.185211650662474 65.02514435808027 45 2.3000000000000003
-16.185211650662474 65.02514435808027 45 2.4000000000000004
-16.185211650662474 65.02514435808027 45 2.5
-16.185211650662474 65.02514435808027 45 2.6
-16.185211650662474 65.02514435808027 45 2.7
-16.185211650662474 65.02514435808027 45 2.8000000000000003
-16.185211650662474 65.02514435808027 45 2.9000000000000004
-16.185211650662474 65.02514435808027 45 3.0
-16.185211650662474 65.02514435808027 45 3.1
-16.185211650662474 65.02514435808027 45 3.2
-16.185211650662474 65.02514435808027 45 3.3000000000000003
-16.185211650662474 65.02514435808027 45 3.4000000000000004
-16.185211650662474 65.02514435808027 45 3.5
-16.185211650662474 65.02514435808027 45 3.6
-16.185211650662474 65.02514435808027 45 3.7
-16.185211650662474 65.02514435808027 45 3.8000000000000003
-16.185211650662474 65.02514435808027 45 3.9000000000000004
-16.185211650662474 65.02514435808027 45 4.0
-16.185211650662474 65.02514435808027 45 4.1000000000000005
-16.185211650662474 65.02514435808027 45 4.2
-16.185211650662474 65.02514435808027 45 4.3
-16.185211650662474 65.02514435808027 45 4.4
-16.185211650662474 65.02514435808027 45 4.5
-16.185211650662474 65.02514435808027 45 4.6000000000000005
-16.185211650662474 65.02514435808027 45 4.7
-16.16399487613704 65.02507831682007 46 0.0
-16.16399487613704 65.02507831682007 46 0.1
-16.16399487613704 65.02507831682007 46 0.2
-16.16399487613704 65.02507831682007 46 0.30000000000000004
-16.16399487613704 65.02507831682007 46 0.4
-16.16399487613704 65.02507831682007 46 0.5
-16.16399487613704 65.02507831682007 46 0.6000000000000001
-16.16399487613704 65.02507831682007 46 0.7000000000000001
-16.16399487613704 65.02507831682007 46 0.8
-16.16399487613704 65.02507831682007 46 0.9
-16.16399487613704 65.02507831682007 46 1.0
-16.16399487613704 65.02507831682007 46 1.1
-16.16399487613704 65.02507831682007 46 1.2000000000000002
-16.16399487613704 65.02507831682007 46 1.3
-16.16399487613704 65.02507831682007 46 1.4000000000000001
-16.16399487613704 65.02507831682007 46 1.5
-16.16399487613704 65.02507831682007 46 1.6
-16.16399487613704 65.02507831682007 46 1.7000000000000002
-16.16399487613704 65.02507831682007 46 1.8
-16.16399487613704 65.02507831682007 46 1.9000000000000001
-16.16399487613704 65.02507831682007 46 2.0
-16.16399487613704 65.02507831682007 46 2.1
-16.16399487613704 65.02507831682007 46 2.2
-16.16399487613704 65.02507831682007 46 2.3000000000000003
-16.16399487613704 65.02507831682007 46 2.4000000000000004
-16.16399487613704 65.02507831682007 46 2.5
-16.16399487613704 65.02507831682007 46 2.6
-16.16399487613704 65.02507831682007 46 2.7
-16.16399487613704 65.02507831682007 46 2.8000000000000003
-16.16399487613704 65.02507831682007 46 2.9000000000000004
-16.16399487613704 65.02507831682007 46 3.0
-16.16399487613704 65.02507831682007 46 3.1
-16.16399487613704 65.02507831682007 46 3.2
-16.16399487613704 65.02507831682007 46 3.3000000000000003
-16.16399487613704 65.02507831682007 46 3.4000000000000004
-16.16399487613704 65.02507831682007 46 3.5
-16.16399487613704 65.02507831682007 46 3.6
-16.16399487613704 65.02507831682007 46 3.7
-16.16399487613704 65.02507831682007 46 3.8000000000000003
-16.16399487613704 65.02507831682007 46 3.9000000000000004
-16.16399487613704 65.02507831682007 46 4.0
-16.16399487613704 65.02507831682007 46 4.1000000000000005
-16.16399487613704 65.02507831682007 46 4.2
-16.16399487613704 65.02507831682007 46 4.3
-16.16399487613704 65.02507831682007 46 4.4
-16.16399487613704 65.02507831682007 46 4.5
-16.16399487613704 65.02507831682007 46 4.6000000000000005
-16.16399487613704 65.02507831682007 46 4.7
-16.16399487613704 65.02507831682007 46 4.800000000000001
-16.16399487613704 65.02507831682007 46 4.9
-16.16399487613704 65.02507831682007 46 5.0
-16.16399487613704 65.02507831682007 46 5.1000000000000005
-16.14 65.025 47 0.0
-16.14 65.025 47 0.1
-16.14 65.025 47 0.2
-16.14 65.025 47 0.30000000000000004
-16.14 65.025 47 0.4
-16.14 65.025 47 0.5
-16.14 65.025 47 0.6000000000000001
-16.14 65.025 47 0.7000000000000001
-16.14 65.025 47 0.8
-16.14 65.025 47 0.9
-16.14 65.025 47 1.0
-16.14 65.025 47 1.1
-16.14 65.025 47 1.2000000000000002
-16.14 65.025 47 1.3
-16.14 65.025 47 1.4000000000000001
-16.14 65.025 47 1.5
-16.14 65.025 47 1.6
-16.14 65.025 47 1.7000000000000002
-16.14 65.025 47 1.8
-16.14 65.025 47 1.9000000000000001
-16.14 65.025 47 2.0
-16.14 65.025 47 2.1
-16.14 65.025 47 2.2
-16.14 65.025 47 2.3000000000000003
-16.14 65.025 47 2.4000000000000004
-16.14 65.025 47 2.5
-16.14 65.025 47 2.6
-16.14 65.025 47 2.7
-16.14 65.025 47 2.8000000000000003
-16.14 65.025 47 2.9000000000000004
-16.14 65.025 47 3.0
-16.14 65.025 47 3.1
-16.14 65.025 47 3.2
-16.14 65.025 47 3.3000000000000003
-16.14 65.025 47 3.4000000000000004
-16.14 65.025 47 3.5
-16.14 65.025 47 3.6
-16.14 65.025 47 3.7
-16.14 65.025 47 3.8000000000000003
-16.14 65.025 47 3.9000000000000004
-16.14 65.025 47 4.0
-16.14 65.025 47 4.1000000000000005
-16.14 65.025 47 4.2
-16.14 65.025 47 4.3
-16.14 65.025 47 4.4
-16.14 65.025 47 4.5
-16.14 65.025 47 4.6000000000000005
-16.14 65.025 47 4.7
-16.14 65.025 47 4.800000000000001
-16.14 65.025 47 4.9
-16.14 65.025 47 5.0
-16.14 65.025 47 5.1000000000000005
-16.14 65.025 47 5.2
-16.14 65.025 47 5.300000000000001
-16.14 65.025 47 5.4
-16.14 65.025 47 5.5
-16.14 65.025 47 5.6000000000000005
-16.14 65.025 47 5.7
