-16.54 65.2 0 5.1000000000000005 0.28815742901367536
-16.54 65.1910310317964 1 2.8000000000000003 0.2533695784117848
-16.54 65.18206205279402 2 2.8000000000000003 0.25632899788050223
-16.54 65.17309306298999 3 2.8000000000000003 0.21625018890324552
-16.54 65.16412406238142 4 2.9000000000000004 0.15802992646447284
-16.54 65.1551550509654 5 5.2 0.13347343239223214
-16.54 65.14618602873907 6 5.2 0.13137019565753144
-16.54 65.1372169956995 7 2.9000000000000004 0.12903218328988053
-16.54 65.12824795184385 8 3.0 0.14728433374055222
-16.54 65.11927889716921 9 3.1 0.1644512477495079
-16.54 65.1103098316727 10 3.1 0.12607118847982438
-16.54 65.10134075535142 11 5.4 0.11169473484986002
-16.54 65.0923716682025 12 5.2 0.13453775572124746
-16.54 65.08340257022309 13 3.3000000000000003 0.19751529935334308
-16.54 65.07443346141025 14 3.3000000000000003 0.19868243515299994
-16.54 65.06546434176113 15 3.2 0.19877372114698755
-16.54 65.05649521127286 16 3.3000000000000003 0.21314098243382465
-16.54 65.04752606994253 17 3.3000000000000003 0.21358593115082858
-16.54 65.03855691776731 18 3.3000000000000003 0.21561414645777977
-16.54 65.0295877547443 19 3.3000000000000003 0.23122958754536166
-16.54 65.0206185808706 20 3.4000000000000004 0.21276767537707147
-16.54 65.01164939614338 21 5.9 0.21747115699810313
-16.54 65.00268020055975 22 5.800000000000001 0.19917806883659686
-16.54 64.99371099411684 23 6.0 0.23489242771826307
-16.54 64.98474177681177 24 5.800000000000001 0.253542868644537
-16.54 64.97577254864169 25 6.4 0.2607077080920426
-16.54 64.9668033096037 26 6.300000000000001 0.24139612086427023
-16.54 64.95783405969496 27 6.4 0.2361223187334564
-16.54 64.94886479891261 28 6.4 0.23598493135103044
-16.54 64.93989552725375 29 3.2 0.3989845620031469
-16.54 64.93092624471555 30 3.2 0.2856848418325201
-16.54 64.92195695129513 31 5.7 0.19895487288487773
-16.54 64.91298764698962 32 5.6000000000000005 0.2462508396588212
-16.54 64.90401833179618 33 3.3000000000000003 0.3341959779369851
-16.54 64.89504900571195 34 3.4000000000000004 0.38706455034505177
-16.54 64.88607966873406 35 5.5 0.27530162485005716
-16.54 64.87711032085966 36 5.5 0.25371185248577216
-16.54 64.86814096208587 37 5.5 0.2482456021668282
-16.54 64.85917159240987 38 5.5 0.2340523669113999
-16.54 64.85020221182876 39 5.5 0.18740569333975027
-16.54 64.84123282033974 40 8.200000000000001 0.10381899220374576
-16.54 64.83226341793991 41 8.200000000000001 0.1045083472455637
-16.54 64.82329400462646 42 8.200000000000001 0.1066116774253277
-16.54 64.81432458039652 43 2.9000000000000004 0.16648876757723513
-16.54 64.8 44 5.2 0.2362499765383248
