-17.14 65.175 0 9.1 0.16353181428669122
-17.118663491851912 65.17506952065789 1 9.3 0.15880022746987899
-17.09732687434392 65.1751360100421 2 9.3 0.15815819497879535
-17.07599015234984 65.1751994681283 3 5.5 0.3977836840922192
-17.05465333074364 65.17525989489326 4 5.5 0.48468767999530343
-17.033316414399433 65.17531729031487 5 5.4 0.5008038565400812
-17.011979408191475 65.17537165437213 6 5.4 0.3948295728909935
-16.990642316994148 65.17542298704514 7 5.4 0.34242441932219636
-16.96930514568196 65.17547128831511 8 5.4 0.308506220604803
-16.947967899129544 65.17551655816438 9 5.4 0.29545538672457106
-16.926630582211633 65.17555879657635 10 5.5 0.27185617685519714
-16.905293199803072 65.17559800353558 11 5.5 0.23230672686462228
-16.883955756778796 65.17563417902774 12 5.5 0.20279013056760714
-16.862618258013832 65.17566732303958 13 5.5 0.17538641344656247
-16.84128070838329 65.17569743555893 14 7.9 0.09789627766101312
-16.819943112762353 65.17572451657483 15 3.3000000000000003 0.1402028803361517
-16.79860547602627 65.17574856607733 16 3.3000000000000003 0.2727037559174305
-16.777267803050353 65.17576958405763 17 3.3000000000000003 0.29784597504694527
-16.755930098709968 65.17578757050808 18 3.4000000000000004 0.2257819838778342
-16.73459236788052 65.17580252542203 19 3.4000000000000004 0.2298099585585941
-16.713254615437464 65.17581444879406 20 3.3000000000000003 0.2497768351142918
-16.69191684625628 65.17582334061977 21 3.3000000000000003 0.24583084423087032
-16.670579065212472 65.17582920089593 22 3.2 0.2049856708345824
-16.649241277181563 65.17583202962038 23 3.2 0.2180262544446287
-16.627903487039088 65.1758318267921 24 3.2 0.22749672515309358
-16.60656569966058 65.17582859241116 25 3.2 0.17145109592444255
-16.58522791992158 65.17582232647874 26 5.2 0.1743199149956499
-16.563890152697596 65.17581302899711 27 5.2 0.2000517432770207
-16.54255240286414 65.17580069996973 28 2.8000000000000003 0.22584573451651307
-16.52121467529669 65.17578533940107 29 2.8000000000000003 0.2699483350658628
-16.499876974870684 65.17576694729675 30 5.2 0.2805663914055109
-16.47853930646153 65.17574552366352 31 5.2 0.3980373845419803
-16.45720167494459 65.1757210685092 32 5.300000000000001 0.42072533554047326
-16.43586408519516 65.17569358184278 33 5.300000000000001 0.43774743964871154
-16.41452654208849 65.17566306367426 34 5.300000000000001 0.457548558088116
-16.393189050499743 65.17562951401486 35 5.300000000000001 0.48201909249891206
-16.371851615304024 65.17559293287684 36 5.300000000000001 0.5108335377071267
-16.35051424137635 65.17555332027358 37 5.300000000000001 0.5569266393343271
-16.32917693359164 65.1755106762196 38 5.300000000000001 0.608724693129606
-16.307839696824725 65.17546500073047 39 3.0 0.5857263342026184
-16.28650253595033 65.17541629382295 40 3.0 0.6134273045526479
-16.265165455843064 65.17536455551483 41 2.8000000000000003 0.5482231873729436
-16.243828461377422 65.17530978582506 42 12.5 0.1268128496352326
-16.222491557427777 65.17525198477368 43 12.600000000000001 0.12469489844706218
-16.201154748868355 65.17519115238186 44 5.300000000000001 0.2266502305519258
-16.179818040573256 65.17512728867183 45 10.5 0.10792466829932287
-16.14 65.175 46 10.5 0.11978930707039681
