-16.94 65.2 0 0.0
-16.94 65.2 0 0.1
-16.94 65.2 0 0.2
-16.94 65.2 0 0.30000000000000004
-16.94 65.2 0 0.4
-16.94 65.2 0 0.5
-16.94 65.2 0 0.6000000000000001
-16.94 65.2 0 0.7000000000000001
-16.94 65.2 0 0.8
-16.94 65.2 0 0.9
-16.94 65.2 0 1.0
-16.94 65.2 0 1.1
-16.94 65.2 0 1.2000000000000002
-16.94 65.2 0 1.3
-16.94 65.2 0 1.4000000000000001
-16.94 65.2 0 1.5
-16.94 65.2 0 1.6
-16.94 65.2 0 1.7000000000000002
-16.94 65.2 0 1.8
-16.94 65.2 0 1.9000000000000001
-16.94 65.2 0 2.0
-16.94 65.2 0 2.1
-16.94 65.2 0 2.2
-16.94 65.2 0 2.3000000000000003
-16.94 65.2 0 2.4000000000000004
-16.94 65.2 0 2.5
-16.94 65.2 0 2.6
-16.94 65.2 0 2.7
-16.94 65.2 0 2.8000000000000003
-16.94 65.2 0 2.9000000000000004
-16.94 65.2 0 3.0
-16.94 65.2 0 3.1
-16.94 65.1910310317964 1 0.0
-16.94 65.1910310317964 1 0.1
-16.94 65.1910310317964 1 0.2
-16.94 65.1910310317964 1 0.30000000000000004
-16.94 65.1910310317964 1 0.4
-16.94 65.1910310317964 1 0.5
-16.94 65.1910310317964 1 0.6000000000000001
-16.94 65.1910310317964 1 0.7000000000000001
-16.94 65.1910310317964 1 0.8
-16.94 65.1910310317964 1 0.9
-16.94 65.1910310317964 1 1.0
-16.94 65.1910310317964 1 1.1
-16.94 65.1910310317964 1 1.2000000000000002
-16.94 65.1910310317964 1 1.3
-16.94 65.1910310317964 1 1.4000000000000001
-16.94 65.1910310317964 1 1.5
-16.94 65.1910310317964 1 1.6
-16.94 65.1910310317964 1 1.7000000000000002
-16.94 65.1910310317964 1 1.8
-16.94 65.1910310317964 1 1.9000000000000001
-16.94 65.1910310317964 1 2.0
-16.94 65.1910310317964 1 2.1
-16.94 65.18206205279402 2 0.0
-16.94 65.18206205279402 2 0.1
-16.94 65.18206205279402 2 0.2
-16.94 65.18206205279402 2 0.30000000000000004
-16.94 65.18206205279402 2 0.4
-16.94 65.18206205279402 2 0.5
-16.94 65.18206205279402 2 0.6000000000000001
-16.94 65.18206205279402 2 0.7000000000000001
-16.94 65.18206205279402 2 0.8
-16.94 65.18206205279402 2 0.9
-16.94 65.18206205279402 2 1.0
-16.94 65.18206205279402 2 1.1
-16.94 65.18206205279402 2 1.2000000000000002
-16.94 65.17309306298999 3 0.0
-16.94 65.17309306298999 3 0.1
-16.94 65.17309306298999 3 0.2
-16.94 64.95783405969496 27 0.0
-16.94 64.94886479891261 28 0.0
-16.94 64.94886479891261 28 0.1
-16.94 64.93989552725375 29 0.0
-16.94 64.93989552725375 29 0.1
-16.94 64.93092624471555 30 0.0
-16.94 64.93092624471555 30 0.1
-16.94 64.93092624471555 30 0.2
-16.94 64.93092624471555 30 0.30000000000000004
-16.94 64.92195695129513 31 0.0
-16.94 64.92195695129513 31 0.1
-16.94 64.92195695129513 31 0.2
-16.94 64.92195695129513 31 0.30000000000000004
-16.94 64.92195695129513 31 0.4
-16.94 64.92195695129513 31 0.5
-16.94 64.92195695129513 31 0.6000000000000001
-16.94 64.92195695129513 31 0.7000000000000001
-16.94 64.91298764698962 32 0.0
-16.94 64.91298764698962 32 0.1
-16.94 64.91298764698962 32 0.2
-16.94 64.91298764698962 32 0.30000000000000004
-16.94 64.91298764698962 32 0.4
-16.94 64.91298764698962 32 0.5
-16.94 64.91298764698962 32 0.6000000000000001
-16.94 64.91298764698962 32 0.7000000000000001
-16.94 64.91298764698962 32 0.8
-16.94 64.91298764698962 32 0.9
-16.94 64.91298764698962 32 1.0
-16.94 64.91298764698962 32 1.1
-16.94 64.91298764698962 32 1.2000000000000002
-16.94 64.91298764698962 32 1.3
-16.94 64.91298764698962 32 1.4000000000000001
-16.94 64.90401833179618 33 0.0
-16.94 64.90401833179618 33 0.1
-16.94 64.90401833179618 33 0.2
-16.94 64.90401833179618 33 0.30000000000000004
-16.94 64.90401833179618 33 0.4
-16.94 64.90401833179618 33 0.5
-16.94 64.90401833179618 33 0.6000000000000001
-16.94 64.90401833179618 33 0.7000000000000001
-16.94 64.90401833179618 33 0.8
-16.94 64.90401833179618 33 0.9
-16.94 64.90401833179618 33 1.0
-16.94 64.90401833179618 33 1.1
-16.94 64.90401833179618 33 1.2000000000000002
-16.94 64.90401833179618 33 1.3
-16.94 64.90401833179618 33 1.4000000000000001
-16.94 64.90401833179618 33 1.5
-16.94 64.90401833179618 33 1.6
-16.94 64.90401833179618 33 1.7000000000000002
-16.94 64.90401833179618 33 1.8
-16.94 64.90401833179618 33 1.9000000000000001
-16.94 64.90401833179618 33 2.0
-16.94 64.90401833179618 33 2.1
-16.94 64.90401833179618 33 2.2
-16.94 64.90401833179618 33 2.3000000000000003
-16.94 64.90401833179618 33 2.4000000000000004
-16.94 64.89504900571195 34 0.0
-16.94 64.89504900571195 34 0.1
-16.94 64.89504900571195 34 0.2
-16.94 64.89504900571195 34 0.30000000000000004
-16.94 64.89504900571195 34 0.4
-16.94 64.89504900571195 34 0.5
-16.94 64.89504900571195 34 0.6000000000000001
-16.94 64.89504900571195 34 0.7000000000000001
-16.94 64.89504900571195 34 0.8
-16.94 64.89504900571195 34 0.9
-16.94 64.89504900571195 34 1.0
-16.94 64.89504900571195 34 1.1
-16.94 64.89504900571195 34 1.2000000000000002
-16.94 64.89504900571195 34 1.3
-16.94 64.89504900571195 34 1.4000000000000001
-16.94 64.89504900571195 34 1.5
-16.94 64.89504900571195 34 1.6
-16.94 64.89504900571195 34 1.7000000000000002
-16.94 64.89504900571195 34 1.8
-16.94 64.89504900571195 34 1.9000000000000001
-16.94 64.89504900571195 34 2.0
-16.94 64.89504900571195 34 2.1
-16.94 64.89504900571195 34 2.2
-16.94 64.89504900571195 34 2.3000000000000003
-16.94 64.89504900571195 34 2.4000000000000004
-16.94 64.89504900571195 34 2.5
-16.94 64.89504900571195 34 2.6
-16.94 64.89504900571195 34 2.7
-16.94 64.89504900571195 34 2.8000000000000003
-16.94 64.89504900571195 34 2.9000000000000004
-16.94 64.89504900571195 34 3.0
-16.94 64.89504900571195 34 3.1
-16.94 64.89504900571195 34 3.2
-16.94 64.89504900571195 34 3.3000000000000003
-16.94 64.89504900571195 34 3.4000000000000004
-16.94 64.89504900571195 34 3.5
-16.94 64.89504900571195 34 3.6
-16.94 64.88607966873406 35 0.0
-16.94 64.88607966873406 35 0.1
-16.94 64.88607966873406 35 0.2
-16.94 64.88607966873406 35 0.30000000000000004
-16.94 64.88607966873406 35 0.4
-16.94 64.88607966873406 35 0.5
-16.94 64.88607966873406 35 0.6000000000000001
-16.94 64.88607966873406 35 0.7000000000000001
-16.94 64.88607966873406 35 0.8
-16.94 64.88607966873406 35 0.9
-16.94 64.88607966873406 35 1.0
-16.94 64.88607966873406 35 1.1
-16.94 64.88607966873406 35 1.2000000000000002
-16.94 64.88607966873406 35 1.3
-16.94 64.88607966873406 35 1.4000000000000001
-16.94 64.88607966873406 35 1.5
-16.94 64.88607966873406 35 1.6
-16.94 64.88607966873406 35 1.7000000000000002
-16.94 64.88607966873406 35 1.8
-16.94 64.88607966873406 35 1.9000000000000001
-16.94 64.88607966873406 35 2.0
-16.94 64.88607966873406 35 2.1
-16.94 64.88607966873406 35 2.2
-16.94 64.88607966873406 35 2.3000000000000003
-16.94 64.88607966873406 35 2.4000000000000004
-16.94 64.88607966873406 35 2.5
-16.94 64.88607966873406 35 2.6
-16.94 64.88607966873406 35 2.7
-16.94 64.88607966873406 35 2.8000000000000003
-16.94 64.87711032085966 36 0.0
-16.94 64.87711032085966 36 0.1
-16.94 64.87711032085966 36 0.2
-16.94 64.87711032085966 36 0.30000000000000004
-16.94 64.87711032085966 36 0.4
-16.94 64.87711032085966 36 0.5
-16.94 64.87711032085966 36 0.6000000000000001
-16.94 64.87711032085966 36 0.7000000000000001
-16.94 64.87711032085966 36 0.8
-16.94 64.87711032085966 36 0.9
-16.94 64.87711032085966 36 1.0
-16.94 64.87711032085966 36 1.1
-16.94 64.87711032085966 36 1.2000000000000002
-16.94 64.87711032085966 36 1.3
-16.94 64.87711032085966 36 1.4000000000000001
-16.94 64.87711032085966 36 1.5
-16.94 64.87711032085966 36 1.6
-16.94 64.87711032085966 36 1.7000000000000002
-16.94 64.86814096208587 37 0.0
-16.94 64.86814096208587 37 0.1
-16.94 64.86814096208587 37 0.2
-16.94 64.86814096208587 37 0.30000000000000004
-16.94 64.86814096208587 37 0.4
-16.94 64.86814096208587 37 0.5
-16.94 64.86814096208587 37 0.6000000000000001
-16.94 64.86814096208587 37 0.7000000000000001
-16.94 64.86814096208587 37 0.8
-16.94 64.86814096208587 37 0.9
-16.94 64.86814096208587 37 1.0
-16.94 64.85917159240987 38 0.0
-16.94 64.85917159240987 38 0.1
-16.94 64.85917159240987 38 0.2
-16.94 64.85917159240987 38 0.30000000000000004
-16.94 64.85917159240987 38 0.4
-16.94 64.85917159240987 38 0.5
-16.94 64.85020221182876 39 0.0
-16.94 64.85020221182876 39 0.1
-16.94 64.85020221182876 39 0.2
-16.94 64.85020221182876 39 10.200000000000001
-16.94 64.85020221182876 39 10.3
-16.94 64.84123282033974 40 0.0
-16.94 64.84123282033974 40 0.1
-16.94 64.84123282033974 40 10.100000000000001
-16.94 64.83226341793991 41 0.0
-16.94 64.83226341793991 41 0.1
-16.94 64.83226341793991 41 0.2
-16.94 64.83226341793991 41 0.30000000000000004
-16.94 64.83226341793991 41 10.100000000000001
-16.94 64.82329400462646 42 0.0
-16.94 64.82329400462646 42 0.1
-16.94 64.82329400462646 42 0.2
-16.94 64.82329400462646 42 0.30000000000000004
-16.94 64.82329400462646 42 0.4
-16.94 64.82329400462646 42 0.5
-16.94 64.82329400462646 42 0.6000000000000001
-16.94 64.82329400462646 42 0.7000000000000001
-16.94 64.82329400462646 42 9.9
-16.94 64.82329400462646 42 10.0
-16.94 64.82329400462646 42 10.100000000000001
-16.94 64.82329400462646 42 10.200000000000001
-16.94 64.82329400462646 42 10.3
-16.94 64.81432458039652 43 0.0
-16.94 64.81432458039652 43 0.1
-16.94 64.81432458039652 43 0.2
-16.94 64.81432458039652 43 0.30000000000000004
-16.94 64.81432458039652 43 0.4
-16.94 64.81432458039652 43 0.5
-16.94 64.81432458039652 43 0.6000000000000001
-16.94 64.81432458039652 43 0.7000000000000001
-16.94 64.81432458039652 43 0.8
-16.94 64.81432458039652 43 0.9
-16.94 64.81432458039652 43 1.0
-16.94 64.81432458039652 43 1.1
-16.94 64.81432458039652 43 1.2000000000000002
-16.94 64.81432458039652 43 1.3
-16.94 64.81432458039652 43 1.4000000000000001
-16.94 64.81432458039652 43 1.5
-16.94 64.81432458039652 43 9.5
-16.94 64.81432458039652 43 9.600000000000001
-16.94 64.81432458039652 43 9.700000000000001
-16.94 64.81432458039652 43 9.8
-16.94 64.81432458039652 43 9.9
-16.94 64.81432458039652 43 10.0
-16.94 64.81432458039652 43 10.100000000000001
-16.94 64.81432458039652 43 10.200000000000001
-16.94 64.81432458039652 43 10.3
-16.94 64.81432458039652 43 10.4
-16.94 64.81432458039652 43 10.5
-16.94 64.81432458039652 43 10.600000000000001
-16.94 64.81432458039652 43 10.700000000000001
-16.94 64.81432458039652 43 10.8
-16.94 64.8 44 0.0
-16.94 64.8 44 0.1
-16.94 64.8 44 0.2
-16.94 64.8 44 0.30000000000000004
-16.94 64.8 44 0.4
-16.94 64.8 44 0.5
-16.94 64.8 44 0.6000000000000001
-16.94 64.8 44 0.7000000000000001
-16.94 64.8 44 0.8
-16.94 64.8 44 0.9
-16.94 64.8 44 1.0
-16.94 64.8 44 1.1
-16.94 64.8 44 1.2000000000000002
-16.94 64.8 44 1.3
-16.94 64.8 44 1.4000000000000001
-16.94 64.8 44 1.5
-16.94 64.8 44 1.6
-16.94 64.8 44 1.7000000000000002
-16.94 64.8 44 1.8
-16.94 64.8 44 1.9000000000000001
-16.94 64.8 44 2.0
-16.94 64.8 44 2.1
-16.94 64.8 44 2.2
-16.94 64.8 44 2.3000000000000003
-16.94 64.8 44 2.4000000000000004
-16.94 64.8 44 2.5
-16.94 64.8 44 2.6
-16.94 64.8 44 2.7
-16.94 64.8 44 2.8000000000000003
-16.94 64.8 44 2.9000000000000004
-16.94 64.8 44 3.0
-16.94 64.8 44 3.1
-16.94 64.8 44 3.2
-16.94 64.8 44 3.3000000000000003
-16.94 64.8 44 3.4000000000000004
-16.94 64.8 44 3.5
-16.94 64.8 44 3.6
-16.94 64.8 44 3.7
-16.94 64.8 44 3.8000000000000003
-16.94 64.8 44 3.9000000000000004
-16.94 64.8 44 4.0
-16.94 64.8 44 7.800000000000001
-16.94 64.8 44 7.9
-16.94 64.8 44 8.0
-16.94 64.8 44 8.1
-16.94 64.8 44 8.200000000000001
-16.94 64.8 44 8.3
-16.94 64.8 44 8.4
-16.94 64.8 44 8.5
-16.94 64.8 44 8.6
-16.94 64.8 44 8.700000000000001
-16.94 64.8 44 8.8
-16.94 64.8 44 8.9
-16.94 64.8 44 9.0
-16.94 64.8 44 9.1
-16.94 64.8 44 9.200000000000001
-16.94 64.8 44 9.3
-16.94 64.8 44 9.4
-16.94 64.8 44 9.5
-16.94 64.8 44 9.600000000000001
-16.94 64.8 44 9.700000000000001
-16.94 64.8 44 9.8
-16.94 64.8 44 9.9
-16.94 64.8 44 10.0
-16.94 64.8 44 10.100000000000001
-16.94 64.8 44 10.200000000000001
-16.94 64.8 44 10.3
-16.94 64.8 44 10.4
-16.94 64.8 44 10.5
-16.94 64.8 44 10.600000000000001
-16.94 64.8 44 10.700000000000001
-16.94 64.8 44 10.8
-16.94 64.8 44 10.9
-16.94 64.8 44 11.0
-16.94 64.8 44 11.100000000000001
-16.94 64.8 44 11.200000000000001
-16.94 64.8 44 11.3
-16.94 64.8 44 11.4
-16.94 64.8 44 11.5
-16.94 64.8 44 11.600000000000001
