-17.14 65.1 0 9.1 -0.12241927199369981
-17.14 65.1 0 27.6 -0.10189812173594498
-17.118723606804746 65.10006948347213 1 9.200000000000001 -0.09350258646324366
-17.118723606804746 65.10006948347213 1 27.900000000000002 -0.08944802465528473
-17.097447104983164 65.10013594601354 2 9.200000000000001 -0.09662998154075397
-17.097447104983164 65.10013594601354 2 27.900000000000002 -0.08509593927533136
-17.076170499362124 65.10019938760004 3 9.3 -0.07603326992654837
-17.076170499362124 65.10019938760004 3 27.400000000000002 -0.08290506040599908
-17.05489379476866 65.10025980820859 4 9.200000000000001 -0.06443563471880497
-17.05489379476866 65.10025980820859 4 27.200000000000003 -0.07403314926887103
-17.033616996029938 65.10031720781721 5 27.1 -0.06976994084944689
-17.01234010797327 65.10037158640503 6 9.0 -0.05796117070369751
-17.01234010797327 65.10037158640503 6 27.3 -0.06440566534611722
-16.991063135426096 65.10042294395227 7 9.1 -0.05837438945305636
-16.969786083215972 65.10047128044026 8 9.200000000000001 -0.06379564576242047
-16.94850895617058 65.10051659585142 9 9.9 -0.07444888991864894
-16.92723175911771 65.10055889016927 10 10.0 -0.09751909070332229
-16.90595449688525 65.10059816337844 11 10.100000000000001 -0.09495911540302329
-16.88467717430119 65.10063441546463 12 10.100000000000001 -0.08986054384642858
-16.86339979619359 65.10066764641469 13 10.200000000000001 -0.09661523542903687
-16.84212236739062 65.1006978562165 14 10.3 -0.09599480550780487
-16.820844892720498 65.10072504485909 15 10.5 -0.10212982339696923
-16.799567377011524 65.10074921233259 16 10.8 -0.10548264104256429
-16.77828982509205 65.10077035862817 17 11.0 -0.10791322964988388
-16.757012241790484 65.10078848373817 18 11.200000000000001 -0.10815540632224857
-16.73573463193528 65.100803587656 19 11.200000000000001 -0.10289092790702181
-16.714457000354933 65.10081567037616 20 11.3 -0.09445412610502653
-16.693179351877966 65.10082473189426 21 11.3 -0.08984664486603126
-16.671901691332927 65.10083077220702 22 11.600000000000001 -0.08835440370650557
-16.65062402354838 65.1008337913122 23 11.8 -0.08125969409992517
-16.629346353352908 65.10083378920872 24 12.0 -0.0514034697554513
-16.629346353352908 65.10083378920872 24 34.6 -0.13005209448360852
-16.39529320304386 65.10063436708525 35 16.1 -0.04511425662615411
-16.374015880540476 65.10059811079222 36 16.0 -0.05700626327113522
-16.35273861839542 65.10055883337625 37 16.1 -0.06439817617680331
-16.331461421436675 65.10051653485161 38 16.0 -0.06536934611530036
-16.310184294492135 65.10047121523368 39 16.0 -0.06527248043451267
-16.288907242389584 65.10042287453896 40 16.0 -0.06610215685047716
-16.2676302699567 65.100371512785 41 16.0 -0.07268667408430875
-16.2676302699567 65.100371512785 41 27.8 -0.05785223636890872
-16.24635338202105 65.1003171299905 42 16.0 -0.07784060021281035
-16.24635338202105 65.1003171299905 42 27.5 -0.0570235545593108
-16.225076583410065 65.10025972617521 43 16.1 -0.07859683709509323
-16.225076583410065 65.10025972617521 43 27.200000000000003 -0.04637250903437058
-16.20379987895106 65.10019930136004 44 16.1 -0.07749371370240732
-16.182523273471205 65.10013585556692 45 16.2 -0.06959232849902655
-16.14 65.1 46 16.2 -0.06474864324853659
