-17.14 65.2 0 0.0
-17.14 65.2 0 0.1
-17.14 65.2 0 0.2
-17.14 65.2 0 0.30000000000000004
-17.14 65.2 0 0.4
-17.14 65.2 0 0.5
-17.14 65.2 0 0.6000000000000001
-17.14 65.2 0 0.7000000000000001
-17.14 65.2 0 0.8
-17.14 65.2 0 0.9
-17.14 65.2 0 1.0
-17.14 65.2 0 1.1
-17.14 65.2 0 1.2000000000000002
-17.14 65.2 0 1.3
-17.14 65.2 0 1.4000000000000001
-17.14 65.2 0 1.5
-17.14 65.2 0 1.6
-17.14 65.2 0 1.7000000000000002
-17.14 65.2 0 1.8
-17.14 65.2 0 1.9000000000000001
-17.14 65.2 0 2.0
-17.14 65.2 0 2.1
-17.14 65.2 0 2.2
-17.14 65.2 0 2.3000000000000003
-17.14 65.2 0 2.4000000000000004
-17.14 65.2 0 2.5
-17.14 65.2 0 2.6
-17.14 65.2 0 2.7
-17.14 65.2 0 2.8000000000000003
-17.14 65.2 0 2.9000000000000004
-17.14 65.2 0 3.0
-17.14 65.2 0 3.1
-17.14 65.2 0 3.2
-17.14 65.2 0 3.3000000000000003
-17.14 65.2 0 3.4000000000000004
-17.14 65.2 0 3.5
-17.14 65.2 0 3.6
-17.14 65.2 0 3.7
-17.14 65.2 0 3.8000000000000003
-17.14 65.2 0 3.9000000000000004
-17.14 65.2 0 4.0
-17.14 65.2 0 4.1000000000000005
-17.14 65.2 0 4.2
-17.14 65.2 0 4.3
-17.14 65.2 0 4.4
-17.14 65.2 0 4.5
-17.14 65.2 0 4.6000000000000005
-17.14 65.2 0 4.7
-17.14 65.2 0 4.800000000000001
-17.14 65.2 0 4.9
-17.14 65.2 0 5.0
-17.14 65.2 0 5.1000000000000005
-17.14 65.2 0 5.2
-17.14 65.2 0 5.300000000000001
-17.14 65.2 0 5.4
-17.14 65.2 0 5.5
-17.14 65.2 0 5.6000000000000005
-17.14 65.2 0 5.7
-17.14 65.2 0 5.800000000000001
-17.14 65.2 0 5.9
-17.14 65.2 0 6.0
-17.14 65.2 0 6.1000000000000005
-17.14 65.2 0 6.2
-17.14 65.2 0 6.300000000000001
-17.14 65.2 0 6.4
-17.14 65.2 0 6.5
-17.14 65.2 0 6.6000000000000005
-17.14 65.2 0 6.7
-17.14 65.2 0 6.800000000000001
-17.14 65.2 0 6.9
-17.14 65.2 0 7.0
-17.14 65.2 0 7.1000000000000005
-17.14 65.2 0 7.2
-17.14 65.2 0 7.300000000000001
-17.14 65.2 0 7.4
-17.14 65.2 0 7.5
-17.14 65.2 0 7.6000000000000005
-17.14 65.2 0 7.7
-17.14 65.2 0 7.800000000000001
-17.14 65.2 0 7.9
-17.14 65.1910310317964 1 0.0
-17.14 65.1910310317964 1 0.1
-17.14 65.1910310317964 1 0.2
-17.14 65.1910310317964 1 0.30000000000000004
-17.14 65.1910310317964 1 0.4
-17.14 65.1910310317964 1 0.5
-17.14 65.1910310317964 1 0.6000000000000001
-17.14 65.1910310317964 1 0.7000000000000001
-17.14 65.1910310317964 1 0.8
-17.14 65.1910310317964 1 0.9
-17.14 65.1910310317964 1 1.0
-17.14 65.1910310317964 1 1.1
-17.14 65.1910310317964 1 1.2000000000000002
-17.14 65.1910310317964 1 1.3
-17.14 65.1910310317964 1 1.4000000000000001
-17.14 65.1910310317964 1 1.5
-17.14 65.1910310317964 1 1.6
-17.14 65.1910310317964 1 1.7000000000000002
-17.14 65.1910310317964 1 1.8
-17.14 65.1910310317964 1 1.9000000000000001
-17.14 65.1910310317964 1 2.0
-17.14 65.1910310317964 1 2.1
-17.14 65.1910310317964 1 2.2
-17.14 65.1910310317964 1 2.3000000000000003
-17.14 65.1910310317964 1 2.4000000000000004
-17.14 65.1910310317964 1 2.5
-17.14 65.1910310317964 1 2.6
-17.14 65.1910310317964 1 2.7
-17.14 65.1910310317964 1 2.8000000000000003
-17.14 65.1910310317964 1 2.9000000000000004
-17.14 65.1910310317964 1 3.0
-17.14 65.1910310317964 1 3.1
-17.14 65.1910310317964 1 3.2
-17.14 65.1910310317964 1 3.3000000000000003
-17.14 65.1910310317964 1 3.4000000000000004
-17.14 65.1910310317964 1 3.5
-17.14 65.1910310317964 1 3.6
-17.14 65.1910310317964 1 3.7
-17.14 65.1910310317964 1 3.8000000000000003
-17.14 65.1910310317964 1 3.9000000000000004
-17.14 65.1910310317964 1 4.0
-17.14 65.1910310317964 1 4.1000000000000005
-17.14 65.1910310317964 1 4.2
-17.14 65.1910310317964 1 4.3
-17.14 65.1910310317964 1 4.4
-17.14 65.1910310317964 1 4.5
-17.14 65.1910310317964 1 4.6000000000000005
-17.14 65.1910310317964 1 4.7
-17.14 65.1910310317964 1 4.800000000000001
-17.14 65.1910310317964 1 4.9
-17.14 65.1910310317964 1 5.0
-17.14 65.1910310317964 1 5.1000000000000005
-17.14 65.1910310317964 1 5.2
-17.14 65.1910310317964 1 5.300000000000001
-17.14 65.1910310317964 1 5.4
-17.14 65.1910310317964 1 5.5
-17.14 65.1910310317964 1 5.6000000000000005
-17.14 65.1910310317964 1 5.7
-17.14 65.1910310317964 1 5.800000000000001
-17.14 65.1910310317964 1 5.9
-17.14 65.1910310317964 1 6.0
-17.14 65.1910310317964 1 6.1000000000000005
-17.14 65.1910310317964 1 6.2
-17.14 65.1910310317964 1 6.300000000000001
-17.14 65.1910310317964 1 6.4
-17.14 65.1910310317964 1 6.5
-17.14 65.1910310317964 1 6.6000000000000005
-17.14 65.1910310317964 1 6.7
-17.14 65.1910310317964 1 6.800000000000001
-17.14 65.1910310317964 1 6.9
-17.14 65.1910310317964 1 7.0
-17.14 65.1910310317964 1 7.1000000000000005
-17.14 65.1910310317964 1 7.2
-17.14 65.1910310317964 1 7.300000000000001
-17.14 65.1910310317964 1 7.4
-17.14 65.1910310317964 1 7.5
-17.14 65.1910310317964 1 7.6000000000000005
-17.14 65.18206205279402 2 0.0
-17.14 65.18206205279402 2 0.1
-17.14 65.18206205279402 2 0.2
-17.14 65.18206205279402 2 0.30000000000000004
-17.14 65.18206205279402 2 0.4
-17.14 65.18206205279402 2 0.5
-17.14 65.18206205279402 2 0.6000000000000001
-17.14 65.18206205279402 2 0.7000000000000001
-17.14 65.18206205279402 2 0.8
-17.14 65.18206205279402 2 0.9
-17.14 65.18206205279402 2 1.0
-17.14 65.18206205279402 2 1.1
-17.14 65.18206205279402 2 1.2000000000000002
-17.14 65.18206205279402 2 1.3
-17.14 65.18206205279402 2 1.4000000000000001
-17.14 65.18206205279402 2 1.5
-17.14 65.18206205279402 2 1.6
-17.14 65.18206205279402 2 1.7000000000000002
-17.14 65.18206205279402 2 1.8
-17.14 65.18206205279402 2 1.9000000000000001
-17.14 65.18206205279402 2 2.0
-17.14 65.18206205279402 2 2.1
-17.14 65.18206205279402 2 2.2
-17.14 65.18206205279402 2 2.3000000000000003
-17.14 65.18206205279402 2 2.4000000000000004
-17.14 65.18206205279402 2 2.5
-17.14 65.18206205279402 2 2.6
-17.14 65.18206205279402 2 2.7
-17.14 65.18206205279402 2 2.8000000000000003
-17.14 65.18206205279402 2 2.9000000000000004
-17.14 65.18206205279402 2 3.0
-17.14 65.18206205279402 2 3.1
-17.14 65.18206205279402 2 3.2
-17.14 65.18206205279402 2 3.3000000000000003
-17.14 65.18206205279402 2 3.4000000000000004
-17.14 65.18206205279402 2 3.5
-17.14 65.18206205279402 2 3.6
-17.14 65.18206205279402 2 3.7
-17.14 65.18206205279402 2 3.8000000000000003
-17.14 65.18206205279402 2 3.9000000000000004
-17.14 65.18206205279402 2 4.0
-17.14 65.18206205279402 2 4.1000000000000005
-17.14 65.18206205279402 2 4.2
-17.14 65.18206205279402 2 4.3
-17.14 65.18206205279402 2 4.4
-17.14 65.18206205279402 2 4.5
-17.14 65.18206205279402 2 4.6000000000000005
-17.14 65.18206205279402 2 4.7
-17.14 65.18206205279402 2 4.800000000000001
-17.14 65.18206205279402 2 4.9
-17.14 65.18206205279402 2 5.0
-17.14 65.18206205279402 2 5.1000000000000005
-17.14 65.18206205279402 2 5.2
-17.14 65.18206205279402 2 5.300000000000001
-17.14 65.18206205279402 2 5.4
-17.14 65.18206205279402 2 5.5
-17.14 65.18206205279402 2 5.6000000000000005
-17.14 65.18206205279402 2 5.7
-17.14 65.18206205279402 2 5.800000000000001
-17.14 65.18206205279402 2 5.9
-17.14 65.18206205279402 2 6.0
-17.14 65.18206205279402 2 6.1000000000000005
-17.14 65.18206205279402 2 6.2
-17.14 65.18206205279402 2 6.300000000000001
-17.14 65.18206205279402 2 6.4
-17.14 65.18206205279402 2 6.5
-17.14 65.18206205279402 2 6.6000000000000005
-17.14 65.18206205279402 2 6.7
-17.14 65.18206205279402 2 6.800000000000001
-17.14 65.18206205279402 2 6.9
-17.14 65.18206205279402 2 7.0
-17.14 65.18206205279402 2 7.1000000000000005
-17.14 65.18206205279402 2 7.2
-17.14 65.18206205279402 2 7.300000000000001
-17.14 65.18206205279402 2 7.4
-17.14 65.18206205279402 2 7.5
-17.14 65.17309306298999 3 0.0
-17.14 65.17309306298999 3 0.1
-17.14 65.17309306298999 3 0.2
-17.14 65.17309306298999 3 0.30000000000000004
-17.14 65.17309306298999 3 0.4
-17.14 65.17309306298999 3 0.5
-17.14 65.17309306298999 3 0.6000000000000001
-17.14 65.17309306298999 3 0.7000000000000001
-17.14 65.17309306298999 3 0.8
-17.14 65.17309306298999 3 0.9
-17.14 65.17309306298999 3 1.0
-17.14 65.17309306298999 3 1.1
-17.14 65.17309306298999 3 1.2000000000000002
-17.14 65.17309306298999 3 1.3
-17.14 65.17309306298999 3 1.4000000000000001
-17.14 65.17309306298999 3 1.5
-17.14 65.17309306298999 3 1.6
-17.14 65.17309306298999 3 1.7000000000000002
-17.14 65.17309306298999 3 1.8
-17.14 65.17309306298999 3 1.9000000000000001
-17.14 65.17309306298999 3 2.0
-17.14 65.17309306298999 3 2.1
-17.14 65.17309306298999 3 2.2
-17.14 65.17309306298999 3 2.3000000000000003
-17.14 65.17309306298999 3 2.4000000000000004
-17.14 65.17309306298999 3 2.5
-17.14 65.17309306298999 3 2.6
-17.14 65.17309306298999 3 2.7
-17.14 65.17309306298999 3 2.8000000000000003
-17.14 65.17309306298999 3 2.9000000000000004
-17.14 65.17309306298999 3 3.0
-17.14 65.17309306298999 3 3.1
-17.14 65.17309306298999 3 3.2
-17.14 65.17309306298999 3 3.3000000000000003
-17.14 65.17309306298999 3 3.4000000000000004
-17.14 65.17309306298999 3 3.5
-17.14 65.17309306298999 3 3.6
-17.14 65.17309306298999 3 3.7
-17.14 65.17309306298999 3 3.8000000000000003
-17.14 65.17309306298999 3 3.9000000000000004
-17.14 65.17309306298999 3 4.0
-17.14 65.17309306298999 3 4.1000000000000005
-17.14 65.17309306298999 3 4.2
-17.14 65.17309306298999 3 4.3
-17.14 65.17309306298999 3 4.4
-17.14 65.17309306298999 3 4.5
-17.14 65.17309306298999 3 4.6000000000000005
-17.14 65.17309306298999 3 4.7
-17.14 65.17309306298999 3 4.800000000000001
-17.14 65.17309306298999 3 4.9
-17.14 65.17309306298999 3 5.0
-17.14 65.17309306298999 3 5.1000000000000005
-17.14 65.17309306298999 3 5.2
-17.14 65.17309306298999 3 5.300000000000001
-17.14 65.17309306298999 3 5.4
-17.14 65.17309306298999 3 5.5
-17.14 65.17309306298999 3 5.6000000000000005
-17.14 65.17309306298999 3 5.7
-17.14 65.17309306298999 3 5.800000000000001
-17.14 65.17309306298999 3 5.9
-17.14 65.17309306298999 3 6.0
-17.14 65.17309306298999 3 6.1000000000000005
-17.14 65.17309306298999 3 6.2
-17.14 65.17309306298999 3 6.300000000000001
-17.14 65.17309306298999 3 6.4
-17.14 65.17309306298999 3 6.5
-17.14 65.17309306298999 3 6.6000000000000005
-17.14 65.17309306298999 3 6.7
-17.14 65.17309306298999 3 6.800000000000001
-17.14 65.17309306298999 3 6.9
-17.14 65.17309306298999 3 7.0
-17.14 65.17309306298999 3 7.1000000000000005
-17.14 65.17309306298999 3 7.2
-17.14 65.17309306298999 3 7.300000000000001
-17.14 65.17309306298999 3 7.4
-17.14 65.17309306298999 3 7.5
-17.14 65.16412406238142 4 0.0
-17.14 65.16412406238142 4 0.1
-17.14 65.16412406238142 4 0.2
-17.14 65.16412406238142 4 0.30000000000000004
-17.14 65.16412406238142 4 0.4
-17.14 65.16412406238142 4 0.5
-17.14 65.16412406238142 4 0.6000000000000001
-17.14 65.16412406238142 4 0.7000000000000001
-17.14 65.16412406238142 4 0.8
-17.14 65.16412406238142 4 0.9
-17.14 65.16412406238142 4 1.0
-17.14 65.16412406238142 4 1.1
-17.14 65.16412406238142 4 1.2000000000000002
-17.14 65.16412406238142 4 1.3
-17.14 65.16412406238142 4 1.4000000000000001
-17.14 65.16412406238142 4 1.5
-17.14 65.16412406238142 4 1.6
-17.14 65.16412406238142 4 1.7000000000000002
-17.14 65.16412406238142 4 1.8
-17.14 65.16412406238142 4 1.9000000000000001
-17.14 65.16412406238142 4 2.0
-17.14 65.16412406238142 4 2.1
-17.14 65.16412406238142 4 2.2
-17.14 65.16412406238142 4 2.3000000000000003
-17.14 65.16412406238142 4 2.4000000000000004
-17.14 65.16412406238142 4 2.5
-17.14 65.16412406238142 4 2.6
-17.14 65.16412406238142 4 2.7
-17.14 65.16412406238142 4 2.8000000000000003
-17.14 65.16412406238142 4 2.9000000000000004
-17.14 65.16412406238142 4 3.0
-17.14 65.16412406238142 4 3.1
-17.14 65.16412406238142 4 3.2
-17.14 65.16412406238142 4 3.3000000000000003
-17.14 65.16412406238142 4 3.4000000000000004
-17.14 65.16412406238142 4 3.5
-17.14 65.16412406238142 4 3.6
-17.14 65.16412406238142 4 3.7
-17.14 65.16412406238142 4 3.8000000000000003
-17.14 65.16412406238142 4 3.9000000000000004
-17.14 65.16412406238142 4 4.0
-17.14 65.16412406238142 4 4.1000000000000005
-17.14 65.16412406238142 4 4.2
-17.14 65.16412406238142 4 4.3
-17.14 65.16412406238142 4 4.4
-17.14 65.16412406238142 4 4.5
-17.14 65.16412406238142 4 4.6000000000000005
-17.14 65.16412406238142 4 4.7
-17.14 65.16412406238142 4 4.800000000000001
-17.14 65.16412406238142 4 4.9
-17.14 65.16412406238142 4 5.0
-17.14 65.16412406238142 4 5.1000000000000005
-17.14 65.16412406238142 4 5.2
-17.14 65.16412406238142 4 5.300000000000001
-17.14 65.16412406238142 4 5.4
-17.14 65.16412406238142 4 5.5
-17.14 65.16412406238142 4 5.6000000000000005
-17.14 65.16412406238142 4 5.7
-17.14 65.16412406238142 4 5.800000000000001
-17.14 65.16412406238142 4 5.9
-17.14 65.16412406238142 4 6.0
-17.14 65.16412406238142 4 6.1000000000000005
-17.14 65.16412406238142 4 6.2
-17.14 65.16412406238142 4 6.300000000000001
-17.14 65.16412406238142 4 6.4
-17.14 65.16412406238142 4 6.5
-17.14 65.16412406238142 4 6.6000000000000005
-17.14 65.16412406238142 4 6.7
-17.14 65.16412406238142 4 6.800000000000001
-17.14 65.16412406238142 4 6.9
-17.14 65.16412406238142 4 7.0
-17.14 65.16412406238142 4 7.1000000000000005
-17.14 65.16412406238142 4 7.2
-17.14 65.16412406238142 4 7.300000000000001
-17.14 65.16412406238142 4 7.4
-17.14 65.1551550509654 5 0.0
-17.14 65.1551550509654 5 0.1
-17.14 65.1551550509654 5 0.2
-17.14 65.1551550509654 5 0.30000000000000004
-17.14 65.1551550509654 5 0.4
-17.14 65.1551550509654 5 0.5
-17.14 65.1551550509654 5 0.6000000000000001
-17.14 65.1551550509654 5 0.7000000000000001
-17.14 65.1551550509654 5 0.8
-17.14 65.1551550509654 5 0.9
-17.14 65.1551550509654 5 1.0
-17.14 65.1551550509654 5 1.1
-17.14 65.1551550509654 5 1.2000000000000002
-17.14 65.1551550509654 5 1.3
-17.14 65.1551550509654 5 1.4000000000000001
-17.14 65.1551550509654 5 1.5
-17.14 65.1551550509654 5 1.6
-17.14 65.1551550509654 5 1.7000000000000002
-17.14 65.1551550509654 5 1.8
-17.14 65.1551550509654 5 1.9000000000000001
-17.14 65.1551550509654 5 2.0
-17.14 65.1551550509654 5 2.1
-17.14 65.1551550509654 5 2.2
-17.14 65.1551550509654 5 2.3000000000000003
-17.14 65.1551550509654 5 2.4000000000000004
-17.14 65.1551550509654 5 2.5
-17.14 65.1551550509654 5 2.6
-17.14 65.1551550509654 5 2.7
-17.14 65.1551550509654 5 2.8000000000000003
-17.14 65.1551550509654 5 2.9000000000000004
-17.14 65.1551550509654 5 3.0
-17.14 65.1551550509654 5 3.1
-17.14 65.1551550509654 5 3.2
-17.14 65.1551550509654 5 3.3000000000000003
-17.14 65.1551550509654 5 3.4000000000000004
-17.14 65.1551550509654 5 3.5
-17.14 65.1551550509654 5 3.6
-17.14 65.1551550509654 5 3.7
-17.14 65.1551550509654 5 3.8000000000000003
-17.14 65.1551550509654 5 3.9000000000000004
-17.14 65.1551550509654 5 4.0
-17.14 65.1551550509654 5 4.1000000000000005
-17.14 65.1551550509654 5 4.2
-17.14 65.1551550509654 5 4.3
-17.14 65.1551550509654 5 4.4
-17.14 65.1551550509654 5 4.5
-17.14 65.1551550509654 5 4.6000000000000005
-17.14 65.1551550509654 5 4.7
-17.14 65.1551550509654 5 4.800000000000001
-17.14 65.1551550509654 5 4.9
-17.14 65.1551550509654 5 5.0
-17.14 65.1551550509654 5 5.1000000000000005
-17.14 65.1551550509654 5 5.2
-17.14 65.1551550509654 5 5.300000000000001
-17.14 65.1551550509654 5 5.4
-17.14 65.1551550509654 5 5.5
-17.14 65.1551550509654 5 5.6000000000000005
-17.14 65.1551550509654 5 5.7
-17.14 65.1551550509654 5 5.800000000000001
-17.14 65.1551550509654 5 5.9
-17.14 65.1551550509654 5 6.0
-17.14 65.1551550509654 5 6.1000000000000005
-17.14 65.1551550509654 5 6.2
-17.14 65.1551550509654 5 6.300000000000001
-17.14 65.1551550509654 5 6.4
-17.14 65.1551550509654 5 6.5
-17.14 65.1551550509654 5 6.6000000000000005
-17.14 65.1551550509654 5 6.7
-17.14 65.1551550509654 5 6.800000000000001
-17.14 65.1551550509654 5 6.9
-17.14 65.1551550509654 5 7.0
-17.14 65.1551550509654 5 7.1000000000000005
-17.14 65.14618602873907 6 0.0
-17.14 65.14618602873907 6 0.1
-17.14 65.14618602873907 6 0.2
-17.14 65.14618602873907 6 0.30000000000000004
-17.14 65.14618602873907 6 0.4
-17.14 65.14618602873907 6 0.5
-17.14 65.14618602873907 6 0.6000000000000001
-17.14 65.14618602873907 6 0.7000000000000001
-17.14 65.14618602873907 6 0.8
-17.14 65.14618602873907 6 0.9
-17.14 65.14618602873907 6 1.0
-17.14 65.14618602873907 6 1.1
-17.14 65.14618602873907 6 1.2000000000000002
-17.14 65.14618602873907 6 1.3
-17.14 65.14618602873907 6 1.4000000000000001
-17.14 65.14618602873907 6 1.5
-17.14 65.14618602873907 6 1.6
-17.14 65.14618602873907 6 1.7000000000000002
-17.14 65.14618602873907 6 1.8
-17.14 65.14618602873907 6 1.9000000000000001
-17.14 65.14618602873907 6 2.0
-17.14 65.14618602873907 6 2.1
-17.14 65.14618602873907 6 2.2
-17.14 65.14618602873907 6 2.3000000000000003
-17.14 65.14618602873907 6 2.4000000000000004
-17.14 65.14618602873907 6 2.5
-17.14 65.14618602873907 6 2.6
-17.14 65.14618602873907 6 2.7
-17.14 65.14618602873907 6 2.8000000000000003
-17.14 65.14618602873907 6 2.9000000000000004
-17.14 65.14618602873907 6 3.0
-17.14 65.14618602873907 6 3.1
-17.14 65.14618602873907 6 3.2
-17.14 65.14618602873907 6 3.3000000000000003
-17.14 65.14618602873907 6 3.4000000000000004
-17.14 65.14618602873907 6 3.5
-17.14 65.14618602873907 6 3.6
-17.14 65.14618602873907 6 3.7
-17.14 65.14618602873907 6 3.8000000000000003
-17.14 65.14618602873907 6 3.9000000000000004
-17.14 65.14618602873907 6 4.0
-17.14 65.14618602873907 6 4.1000000000000005
-17.14 65.14618602873907 6 4.2
-17.14 65.14618602873907 6 4.3
-17.14 65.14618602873907 6 4.4
-17.14 65.14618602873907 6 4.5
-17.14 65.14618602873907 6 4.6000000000000005
-17.14 65.14618602873907 6 4.7
-17.14 65.14618602873907 6 4.800000000000001
-17.14 65.14618602873907 6 4.9
-17.14 65.14618602873907 6 5.0
-17.14 65.14618602873907 6 5.1000000000000005
-17.14 65.14618602873907 6 5.2
-17.14 65.14618602873907 6 5.300000000000001
-17.14 65.14618602873907 6 5.4
-17.14 65.14618602873907 6 5.5
-17.14 65.14618602873907 6 5.6000000000000005
-17.14 65.14618602873907 6 5.7
-17.14 65.14618602873907 6 5.800000000000001
-17.14 65.14618602873907 6 5.9
-17.14 65.14618602873907 6 6.0
-17.14 65.14618602873907 6 6.1000000000000005
-17.14 65.14618602873907 6 6.2
-17.14 65.14618602873907 6 6.300000000000001
-17.14 65.14618602873907 6 6.4
-17.14 65.14618602873907 6 6.5
-17.14 65.14618602873907 6 6.6000000000000005
-17.14 65.14618602873907 6 6.7
-17.14 65.14618602873907 6 6.800000000000001
-17.14 65.14618602873907 6 6.9
-17.14 65.14618602873907 6 7.0
-17.14 65.14618602873907 6 7.1000000000000005
-17.14 65.1372169956995 7 0.0
-17.14 65.1372169956995 7 0.1
-17.14 65.1372169956995 7 0.2
-17.14 65.1372169956995 7 0.30000000000000004
-17.14 65.1372169956995 7 0.4
-17.14 65.1372169956995 7 0.5
-17.14 65.1372169956995 7 0.6000000000000001
-17.14 65.1372169956995 7 0.7000000000000001
-17.14 65.1372169956995 7 0.8
-17.14 65.1372169956995 7 0.9
-17.14 65.1372169956995 7 1.0
-17.14 65.1372169956995 7 1.1
-17.14 65.1372169956995 7 1.2000000000000002
-17.14 65.1372169956995 7 1.3
-17.14 65.1372169956995 7 1.4000000000000001
-17.14 65.1372169956995 7 1.5
-17.14 65.1372169956995 7 1.6
-17.14 65.1372169956995 7 1.7000000000000002
-17.14 65.1372169956995 7 1.8
-17.14 65.1372169956995 7 1.9000000000000001
-17.14 65.1372169956995 7 2.0
-17.14 65.1372169956995 7 2.1
-17.14 65.1372169956995 7 2.2
-17.14 65.1372169956995 7 2.3000000000000003
-17.14 65.1372169956995 7 2.4000000000000004
-17.14 65.1372169956995 7 2.5
-17.14 65.1372169956995 7 2.6
-17.14 65.1372169956995 7 2.7
-17.14 65.1372169956995 7 2.8000000000000003
-17.14 65.1372169956995 7 2.9000000000000004
-17.14 65.1372169956995 7 3.0
-17.14 65.1372169956995 7 3.1
-17.14 65.1372169956995 7 3.2
-17.14 65.1372169956995 7 3.3000000000000003
-17.14 65.1372169956995 7 3.4000000000000004
-17.14 65.1372169956995 7 3.5
-17.14 65.1372169956995 7 3.6
-17.14 65.1372169956995 7 3.7
-17.14 65.1372169956995 7 3.8000000000000003
-17.14 65.1372169956995 7 3.9000000000000004
-17.14 65.1372169956995 7 4.0
-17.14 65.1372169956995 7 4.1000000000000005
-17.14 65.1372169956995 7 4.2
-17.14 65.1372169956995 7 4.3
-17.14 65.1372169956995 7 4.4
-17.14 65.1372169956995 7 4.5
-17.14 65.1372169956995 7 4.6000000000000005
-17.14 65.1372169956995 7 4.7
-17.14 65.1372169956995 7 4.800000000000001
-17.14 65.1372169956995 7 4.9
-17.14 65.1372169956995 7 5.0
-17.14 65.1372169956995 7 5.1000000000000005
-17.14 65.1372169956995 7 5.2
-17.14 65.1372169956995 7 5.300000000000001
-17.14 65.1372169956995 7 5.4
-17.14 65.1372169956995 7 5.5
-17.14 65.1372169956995 7 5.6000000000000005
-17.14 65.1372169956995 7 5.7
-17.14 65.1372169956995 7 5.800000000000001
-17.14 65.1372169956995 7 5.9
-17.14 65.1372169956995 7 6.0
-17.14 65.1372169956995 7 6.1000000000000005
-17.14 65.1372169956995 7 6.2
-17.14 65.1372169956995 7 6.300000000000001
-17.14 65.1372169956995 7 6.4
-17.14 65.1372169956995 7 6.5
-17.14 65.1372169956995 7 6.6000000000000005
-17.14 65.1372169956995 7 6.7
-17.14 65.1372169956995 7 6.800000000000001
-17.14 65.1372169956995 7 6.9
-17.14 65.1372169956995 7 7.0
-17.14 65.12824795184385 8 0.0
-17.14 65.12824795184385 8 0.1
-17.14 65.12824795184385 8 0.2
-17.14 65.12824795184385 8 0.30000000000000004
-17.14 65.12824795184385 8 0.4
-17.14 65.12824795184385 8 0.5
-17.14 65.12824795184385 8 0.6000000000000001
-17.14 65.12824795184385 8 0.7000000000000001
-17.14 65.12824795184385 8 0.8
-17.14 65.12824795184385 8 0.9
-17.14 65.12824795184385 8 1.0
-17.14 65.12824795184385 8 1.1
-17.14 65.12824795184385 8 1.2000000000000002
-17.14 65.12824795184385 8 1.3
-17.14 65.12824795184385 8 1.4000000000000001
-17.14 65.12824795184385 8 1.5
-17.14 65.12824795184385 8 1.6
-17.14 65.12824795184385 8 1.7000000000000002
-17.14 65.12824795184385 8 1.8
-17.14 65.12824795184385 8 1.9000000000000001
-17.14 65.12824795184385 8 2.0
-17.14 65.12824795184385 8 2.1
-17.14 65.12824795184385 8 2.2
-17.14 65.12824795184385 8 2.3000000000000003
-17.14 65.12824795184385 8 2.4000000000000004
-17.14 65.12824795184385 8 2.5
-17.14 65.12824795184385 8 2.6
-17.14 65.12824795184385 8 2.7
-17.14 65.12824795184385 8 2.8000000000000003
-17.14 65.12824795184385 8 2.9000000000000004
-17.14 65.12824795184385 8 3.0
-17.14 65.12824795184385 8 3.1
-17.14 65.12824795184385 8 3.2
-17.14 65.12824795184385 8 3.3000000000000003
-17.14 65.12824795184385 8 3.4000000000000004
-17.14 65.12824795184385 8 3.5
-17.14 65.12824795184385 8 3.6
-17.14 65.12824795184385 8 3.7
-17.14 65.12824795184385 8 3.8000000000000003
-17.14 65.12824795184385 8 3.9000000000000004
-17.14 65.12824795184385 8 4.0
-17.14 65.12824795184385 8 4.1000000000000005
-17.14 65.12824795184385 8 4.2
-17.14 65.12824795184385 8 4.3
-17.14 65.12824795184385 8 4.4
-17.14 65.12824795184385 8 4.5
-17.14 65.12824795184385 8 4.6000000000000005
-17.14 65.12824795184385 8 4.7
-17.14 65.12824795184385 8 4.800000000000001
-17.14 65.12824795184385 8 4.9
-17.14 65.12824795184385 8 5.0
-17.14 65.12824795184385 8 5.1000000000000005
-17.14 65.12824795184385 8 5.2
-17.14 65.12824795184385 8 5.300000000000001
-17.14 65.12824795184385 8 5.4
-17.14 65.12824795184385 8 5.5
-17.14 65.12824795184385 8 5.6000000000000005
-17.14 65.12824795184385 8 5.7
-17.14 65.12824795184385 8 5.800000000000001
-17.14 65.12824795184385 8 5.9
-17.14 65.12824795184385 8 6.0
-17.14 65.12824795184385 8 6.1000000000000005
-17.14 65.12824795184385 8 6.2
-17.14 65.12824795184385 8 6.300000000000001
-17.14 65.12824795184385 8 6.4
-17.14 65.12824795184385 8 6.5
-17.14 65.12824795184385 8 6.6000000000000005
-17.14 65.12824795184385 8 6.7
-17.14 65.12824795184385 8 6.800000000000001
-17.14 65.11927889716921 9 0.0
-17.14 65.11927889716921 9 0.1
-17.14 65.11927889716921 9 0.2
-17.14 65.11927889716921 9 0.30000000000000004
-17.14 65.11927889716921 9 0.4
-17.14 65.11927889716921 9 0.5
-17.14 65.11927889716921 9 0.6000000000000001
-17.14 65.11927889716921 9 0.7000000000000001
-17.14 65.11927889716921 9 0.8
-17.14 65.11927889716921 9 0.9
-17.14 65.11927889716921 9 1.0
-17.14 65.11927889716921 9 1.1
-17.14 65.11927889716921 9 1.2000000000000002
-17.14 65.11927889716921 9 1.3
-17.14 65.11927889716921 9 1.4000000000000001
-17.14 65.11927889716921 9 1.5
-17.14 65.11927889716921 9 1.6
-17.14 65.11927889716921 9 1.7000000000000002
-17.14 65.11927889716921 9 1.8
-17.14 65.11927889716921 9 1.9000000000000001
-17.14 65.11927889716921 9 2.0
-17.14 65.11927889716921 9 2.1
-17.14 65.11927889716921 9 2.2
-17.14 65.11927889716921 9 2.3000000000000003
-17.14 65.11927889716921 9 2.4000000000000004
-17.14 65.11927889716921 9 2.5
-17.14 65.11927889716921 9 2.6
-17.14 65.11927889716921 9 2.7
-17.14 65.11927889716921 9 2.8000000000000003
-17.14 65.11927889716921 9 2.9000000000000004
-17.14 65.11927889716921 9 3.0
-17.14 65.11927889716921 9 3.1
-17.14 65.11927889716921 9 3.2
-17.14 65.11927889716921 9 3.3000000000000003
-17.14 65.11927889716921 9 3.4000000000000004
-17.14 65.11927889716921 9 3.5
-17.14 65.11927889716921 9 3.6
-17.14 65.11927889716921 9 3.7
-17.14 65.11927889716921 9 3.8000000000000003
-17.14 65.11927889716921 9 3.9000000000000004
-17.14 65.11927889716921 9 4.0
-17.14 65.11927889716921 9 4.1000000000000005
-17.14 65.11927889716921 9 4.2
-17.14 65.11927889716921 9 4.3
-17.14 65.11927889716921 9 4.4
-17.14 65.11927889716921 9 4.5
-17.14 65.11927889716921 9 4.6000000000000005
-17.14 65.11927889716921 9 4.7
-17.14 65.11927889716921 9 4.800000000000001
-17.14 65.11927889716921 9 4.9
-17.14 65.11927889716921 9 5.0
-17.14 65.11927889716921 9 5.1000000000000005
-17.14 65.11927889716921 9 5.2
-17.14 65.11927889716921 9 5.300000000000001
-17.14 65.11927889716921 9 5.4
-17.14 65.11927889716921 9 5.5
-17.14 65.11927889716921 9 5.6000000000000005
-17.14 65.11927889716921 9 5.7
-17.14 65.11927889716921 9 5.800000000000001
-17.14 65.11927889716921 9 5.9
-17.14 65.11927889716921 9 6.0
-17.14 65.11927889716921 9 6.1000000000000005
-17.14 65.11927889716921 9 6.2
-17.14 65.11927889716921 9 6.300000000000001
-17.14 65.11927889716921 9 6.4
-17.14 65.11927889716921 9 6.5
-17.14 65.11927889716921 9 6.6000000000000005
-17.14 65.1103098316727 10 0.0
-17.14 65.1103098316727 10 0.1
-17.14 65.1103098316727 10 0.2
-17.14 65.1103098316727 10 0.30000000000000004
-17.14 65.1103098316727 10 0.4
-17.14 65.1103098316727 10 0.5
-17.14 65.1103098316727 10 0.6000000000000001
-17.14 65.1103098316727 10 0.7000000000000001
-17.14 65.1103098316727 10 0.8
-17.14 65.1103098316727 10 0.9
-17.14 65.1103098316727 10 1.0
-17.14 65.1103098316727 10 1.1
-17.14 65.1103098316727 10 1.2000000000000002
-17.14 65.1103098316727 10 1.3
-17.14 65.1103098316727 10 1.4000000000000001
-17.14 65.1103098316727 10 1.5
-17.14 65.1103098316727 10 1.6
-17.14 65.1103098316727 10 1.7000000000000002
-17.14 65.1103098316727 10 1.8
-17.14 65.1103098316727 10 1.9000000000000001
-17.14 65.1103098316727 10 2.0
-17.14 65.1103098316727 10 2.1
-17.14 65.1103098316727 10 2.2
-17.14 65.1103098316727 10 2.3000000000000003
-17.14 65.1103098316727 10 2.4000000000000004
-17.14 65.1103098316727 10 2.5
-17.14 65.1103098316727 10 2.6
-17.14 65.1103098316727 10 2.7
-17.14 65.1103098316727 10 2.8000000000000003
-17.14 65.1103098316727 10 2.9000000000000004
-17.14 65.1103098316727 10 3.0
-17.14 65.1103098316727 10 3.1
-17.14 65.1103098316727 10 3.2
-17.14 65.1103098316727 10 3.3000000000000003
-17.14 65.1103098316727 10 3.4000000000000004
-17.14 65.1103098316727 10 3.5
-17.14 65.1103098316727 10 3.6
-17.14 65.1103098316727 10 3.7
-17.14 65.1103098316727 10 3.8000000000000003
-17.14 65.1103098316727 10 3.9000000000000004
-17.14 65.1103098316727 10 4.0
-17.14 65.1103098316727 10 4.1000000000000005
-17.14 65.1103098316727 10 4.2
-17.14 65.1103098316727 10 4.3
-17.14 65.1103098316727 10 4.4
-17.14 65.1103098316727 10 4.5
-17.14 65.1103098316727 10 4.6000000000000005
-17.14 65.1103098316727 10 4.7
-17.14 65.1103098316727 10 4.800000000000001
-17.14 65.1103098316727 10 4.9
-17.14 65.1103098316727 10 5.0
-17.14 65.1103098316727 10 5.1000000000000005
-17.14 65.1103098316727 10 5.2
-17.14 65.1103098316727 10 5.300000000000001
-17.14 65.1103098316727 10 5.4
-17.14 65.1103098316727 10 5.5
-17.14 65.1103098316727 10 5.6000000000000005
-17.14 65.1103098316727 10 5.7
-17.14 65.10134075535142 11 0.0
-17.14 65.10134075535142 11 0.1
-17.14 65.10134075535142 11 0.2
-17.14 65.10134075535142 11 0.30000000000000004
-17.14 65.10134075535142 11 0.4
-17.14 65.10134075535142 11 0.5
-17.14 65.10134075535142 11 0.6000000000000001
-17.14 65.10134075535142 11 0.7000000000000001
-17.14 65.10134075535142 11 0.8
-17.14 65.10134075535142 11 0.9
-17.14 65.10134075535142 11 1.0
-17.14 65.10134075535142 11 1.1
-17.14 65.10134075535142 11 1.2000000000000002
-17.14 65.10134075535142 11 1.3
-17.14 65.10134075535142 11 1.4000000000000001
-17.14 65.10134075535142 11 1.5
-17.14 65.10134075535142 11 1.6
-17.14 65.10134075535142 11 1.7000000000000002
-17.14 65.10134075535142 11 1.8
-17.14 65.10134075535142 11 1.9000000000000001
-17.14 65.10134075535142 11 2.0
-17.14 65.10134075535142 11 2.1
-17.14 65.10134075535142 11 2.2
-17.14 65.10134075535142 11 2.3000000000000003
-17.14 65.10134075535142 11 2.4000000000000004
-17.14 65.10134075535142 11 2.5
-17.14 65.10134075535142 11 2.6
-17.14 65.10134075535142 11 2.7
-17.14 65.10134075535142 11 2.8000000000000003
-17.14 65.10134075535142 11 2.9000000000000004
-17.14 65.10134075535142 11 3.0
-17.14 65.10134075535142 11 3.1
-17.14 65.10134075535142 11 3.2
-17.14 65.10134075535142 11 3.3000000000000003
-17.14 65.10134075535142 11 3.4000000000000004
-17.14 65.10134075535142 11 3.5
-17.14 65.10134075535142 11 3.6
-17.14 65.10134075535142 11 3.7
-17.14 65.10134075535142 11 3.8000000000000003
-17.14 65.10134075535142 11 3.9000000000000004
-17.14 65.10134075535142 11 4.0
-17.14 65.10134075535142 11 4.1000000000000005
-17.14 65.10134075535142 11 4.2
-17.14 65.10134075535142 11 4.3
-17.14 65.10134075535142 11 4.4
-17.14 65.10134075535142 11 4.5
-17.14 65.10134075535142 11 4.6000000000000005
-17.14 65.10134075535142 11 4.7
-17.14 65.10134075535142 11 4.800000000000001
-17.14 65.0923716682025 12 0.0
-17.14 65.0923716682025 12 0.1
-17.14 65.0923716682025 12 0.2
-17.14 65.0923716682025 12 0.30000000000000004
-17.14 65.0923716682025 12 0.4
-17.14 65.0923716682025 12 0.5
-17.14 65.0923716682025 12 0.6000000000000001
-17.14 65.0923716682025 12 0.7000000000000001
-17.14 65.0923716682025 12 0.8
-17.14 65.0923716682025 12 0.9
-17.14 65.0923716682025 12 1.0
-17.14 65.0923716682025 12 1.1
-17.14 65.0923716682025 12 1.2000000000000002
-17.14 65.0923716682025 12 1.3
-17.14 65.0923716682025 12 1.4000000000000001
-17.14 65.0923716682025 12 1.5
-17.14 65.0923716682025 12 1.6
-17.14 65.0923716682025 12 1.7000000000000002
-17.14 65.0923716682025 12 1.8
-17.14 65.0923716682025 12 1.9000000000000001
-17.14 65.0923716682025 12 2.0
-17.14 65.0923716682025 12 2.1
-17.14 65.0923716682025 12 2.2
-17.14 65.0923716682025 12 2.3000000000000003
-17.14 65.0923716682025 12 2.4000000000000004
-17.14 65.0923716682025 12 2.5
-17.14 65.0923716682025 12 2.6
-17.14 65.0923716682025 12 2.7
-17.14 65.0923716682025 12 2.8000000000000003
-17.14 65.0923716682025 12 2.9000000000000004
-17.14 65.0923716682025 12 3.0
-17.14 65.0923716682025 12 3.1
-17.14 65.0923716682025 12 3.2
-17.14 65.0923716682025 12 3.3000000000000003
-17.14 65.0923716682025 12 3.4000000000000004
-17.14 65.0923716682025 12 3.5
-17.14 65.0923716682025 12 3.6
-17.14 65.0923716682025 12 3.7
-17.14 65.0923716682025 12 3.8000000000000003
-17.14 65.08340257022309 13 0.0
-17.14 65.08340257022309 13 0.1
-17.14 65.08340257022309 13 0.2
-17.14 65.08340257022309 13 0.30000000000000004
-17.14 65.08340257022309 13 0.4
-17.14 65.08340257022309 13 0.5
-17.14 65.08340257022309 13 0.6000000000000001
-17.14 65.08340257022309 13 0.7000000000000001
-17.14 65.08340257022309 13 0.8
-17.14 65.08340257022309 13 0.9
-17.14 65.08340257022309 13 1.0
-17.14 65.08340257022309 13 1.1
-17.14 65.08340257022309 13 1.2000000000000002
-17.14 65.08340257022309 13 1.3
-17.14 65.08340257022309 13 1.4000000000000001
-17.14 65.08340257022309 13 1.5
-17.14 65.08340257022309 13 1.6
-17.14 65.08340257022309 13 1.7000000000000002
-17.14 65.08340257022309 13 1.8
-17.14 65.08340257022309 13 1.9000000000000001
-17.14 65.08340257022309 13 2.0
-17.14 65.08340257022309 13 2.1
-17.14 65.08340257022309 13 2.2
-17.14 65.08340257022309 13 2.3000000000000003
-17.14 65.08340257022309 13 2.4000000000000004
-17.14 65.08340257022309 13 2.5
-17.14 65.08340257022309 13 2.6
-17.14 65.08340257022309 13 2.7
-17.14 65.08340257022309 13 2.8000000000000003
-17.14 65.07443346141025 14 0.0
-17.14 65.07443346141025 14 0.1
-17.14 65.07443346141025 14 0.2
-17.14 65.07443346141025 14 0.30000000000000004
-17.14 65.07443346141025 14 0.4
-17.14 65.07443346141025 14 0.5
-17.14 65.07443346141025 14 0.6000000000000001
-17.14 65.07443346141025 14 0.7000000000000001
-17.14 65.07443346141025 14 0.8
-17.14 65.07443346141025 14 0.9
-17.14 65.07443346141025 14 1.0
-17.14 65.07443346141025 14 1.1
-17.14 65.07443346141025 14 1.2000000000000002
-17.14 65.07443346141025 14 1.3
-17.14 65.07443346141025 14 1.4000000000000001
-17.14 65.07443346141025 14 1.5
-17.14 65.07443346141025 14 1.6
-17.14 65.07443346141025 14 1.7000000000000002
-17.14 65.07443346141025 14 1.8
-17.14 65.07443346141025 14 1.9000000000000001
-17.14 65.06546434176113 15 0.0
-17.14 65.06546434176113 15 0.1
-17.14 65.06546434176113 15 0.2
-17.14 65.06546434176113 15 0.30000000000000004
-17.14 65.06546434176113 15 0.4
-17.14 65.06546434176113 15 0.5
-17.14 65.06546434176113 15 0.6000000000000001
-17.14 65.06546434176113 15 0.7000000000000001
-17.14 65.06546434176113 15 0.8
-17.14 65.06546434176113 15 0.9
-17.14 65.06546434176113 15 1.0
-17.14 65.05649521127286 16 0.0
-17.14 65.05649521127286 16 0.1
-17.14 65.05649521127286 16 0.2
-17.14 64.99371099411684 23 0.0
-17.14 64.99371099411684 23 0.1
-17.14 64.99371099411684 23 0.2
-17.14 64.99371099411684 23 0.30000000000000004
-17.14 64.98474177681177 24 0.0
-17.14 64.98474177681177 24 0.1
-17.14 64.98474177681177 24 0.2
-17.14 64.98474177681177 24 0.30000000000000004
-17.14 64.98474177681177 24 0.4
-17.14 64.98474177681177 24 0.5
-17.14 64.98474177681177 24 0.6000000000000001
-17.14 64.98474177681177 24 0.7000000000000001
-17.14 64.98474177681177 24 0.8
-17.14 64.98474177681177 24 0.9
-17.14 64.98474177681177 24 1.0
-17.14 64.98474177681177 24 1.1
-17.14 64.98474177681177 24 1.2000000000000002
-17.14 64.98474177681177 24 1.3
-17.14 64.98474177681177 24 1.4000000000000001
-17.14 64.98474177681177 24 1.5
-17.14 64.98474177681177 24 1.6
-17.14 64.98474177681177 24 1.7000000000000002
-17.14 64.98474177681177 24 1.8
-17.14 64.98474177681177 24 1.9000000000000001
-17.14 64.98474177681177 24 2.0
-17.14 64.98474177681177 24 2.1
-17.14 64.98474177681177 24 2.2
-17.14 64.98474177681177 24 2.3000000000000003
-17.14 64.98474177681177 24 2.4000000000000004
-17.14 64.98474177681177 24 2.5
-17.14 64.98474177681177 24 2.6
-17.14 64.98474177681177 24 2.7
-17.14 64.98474177681177 24 2.8000000000000003
-17.14 64.98474177681177 24 2.9000000000000004
-17.14 64.98474177681177 24 3.0
-17.14 64.98474177681177 24 3.1
-17.14 64.98474177681177 24 3.2
-17.14 64.98474177681177 24 3.3000000000000003
-17.14 64.98474177681177 24 3.4000000000000004
-17.14 64.98474177681177 24 3.5
-17.14 64.98474177681177 24 3.6
-17.14 64.98474177681177 24 3.7
-17.14 64.98474177681177 24 3.8000000000000003
-17.14 64.98474177681177 24 3.9000000000000004
-17.14 64.98474177681177 24 4.0
-17.14 64.98474177681177 24 4.1000000000000005
-17.14 64.98474177681177 24 4.2
-17.14 64.98474177681177 24 4.3
-17.14 64.98474177681177 24 4.4
-17.14 64.98474177681177 24 4.5
-17.14 64.98474177681177 24 4.6000000000000005
-17.14 64.98474177681177 24 4.7
-17.14 64.98474177681177 24 4.800000000000001
-17.14 64.98474177681177 24 4.9
-17.14 64.97577254864169 25 0.0
-17.14 64.97577254864169 25 0.1
-17.14 64.97577254864169 25 0.2
-17.14 64.97577254864169 25 0.30000000000000004
-17.14 64.97577254864169 25 0.4
-17.14 64.97577254864169 25 0.5
-17.14 64.97577254864169 25 0.6000000000000001
-17.14 64.97577254864169 25 0.7000000000000001
-17.14 64.97577254864169 25 0.8
-17.14 64.97577254864169 25 0.9
-17.14 64.97577254864169 25 1.0
-17.14 64.97577254864169 25 1.1
-17.14 64.97577254864169 25 1.2000000000000002
-17.14 64.97577254864169 25 1.3
-17.14 64.97577254864169 25 1.4000000000000001
-17.14 64.97577254864169 25 1.5
-17.14 64.97577254864169 25 1.6
-17.14 64.97577254864169 25 1.7000000000000002
-17.14 64.97577254864169 25 1.8
-17.14 64.97577254864169 25 1.9000000000000001
-17.14 64.97577254864169 25 2.0
-17.14 64.97577254864169 25 2.1
-17.14 64.97577254864169 25 2.2
-17.14 64.97577254864169 25 2.3000000000000003
-17.14 64.97577254864169 25 2.4000000000000004
-17.14 64.97577254864169 25 2.5
-17.14 64.97577254864169 25 2.6
-17.14 64.97577254864169 25 2.7
-17.14 64.97577254864169 25 2.8000000000000003
-17.14 64.97577254864169 25 2.9000000000000004
-17.14 64.97577254864169 25 3.0
-17.14 64.97577254864169 25 3.1
-17.14 64.97577254864169 25 3.2
-17.14 64.97577254864169 25 3.3000000000000003
-17.14 64.97577254864169 25 3.4000000000000004
-17.14 64.97577254864169 25 3.5
-17.14 64.97577254864169 25 3.6
-17.14 64.97577254864169 25 3.7
-17.14 64.97577254864169 25 3.8000000000000003
-17.14 64.97577254864169 25 3.9000000000000004
-17.14 64.97577254864169 25 4.0
-17.14 64.97577254864169 25 4.1000000000000005
-17.14 64.97577254864169 25 4.2
-17.14 64.97577254864169 25 4.3
-17.14 64.97577254864169 25 4.4
-17.14 64.97577254864169 25 4.5
-17.14 64.97577254864169 25 4.6000000000000005
-17.14 64.97577254864169 25 4.7
-17.14 64.97577254864169 25 4.800000000000001
-17.14 64.97577254864169 25 4.9
-17.14 64.97577254864169 25 5.0
-17.14 64.97577254864169 25 5.1000000000000005
-17.14 64.97577254864169 25 5.2
-17.14 64.97577254864169 25 5.300000000000001
-17.14 64.9668033096037 26 0.0
-17.14 64.9668033096037 26 0.1
-17.14 64.9668033096037 26 0.2
-17.14 64.9668033096037 26 0.30000000000000004
-17.14 64.9668033096037 26 0.4
-17.14 64.9668033096037 26 0.5
-17.14 64.9668033096037 26 0.6000000000000001
-17.14 64.9668033096037 26 0.7000000000000001
-17.14 64.9668033096037 26 0.8
-17.14 64.9668033096037 26 0.9
-17.14 64.9668033096037 26 1.0
-17.14 64.9668033096037 26 1.1
-17.14 64.9668033096037 26 1.2000000000000002
-17.14 64.9668033096037 26 1.3
-17.14 64.9668033096037 26 1.4000000000000001
-17.14 64.9668033096037 26 1.5
-17.14 64.9668033096037 26 1.6
-17.14 64.9668033096037 26 1.7000000000000002
-17.14 64.9668033096037 26 1.8
-17.14 64.9668033096037 26 1.9000000000000001
-17.14 64.9668033096037 26 2.0
-17.14 64.9668033096037 26 2.1
-17.14 64.9668033096037 26 2.2
-17.14 64.9668033096037 26 2.3000000000000003
-17.14 64.9668033096037 26 2.4000000000000004
-17.14 64.9668033096037 26 2.5
-17.14 64.9668033096037 26 2.6
-17.14 64.9668033096037 26 2.7
-17.14 64.9668033096037 26 2.8000000000000003
-17.14 64.9668033096037 26 2.9000000000000004
-17.14 64.9668033096037 26 3.0
-17.14 64.9668033096037 26 3.1
-17.14 64.9668033096037 26 3.2
-17.14 64.9668033096037 26 3.3000000000000003
-17.14 64.9668033096037 26 3.4000000000000004
-17.14 64.9668033096037 26 3.5
-17.14 64.9668033096037 26 3.6
-17.14 64.9668033096037 26 3.7
-17.14 64.9668033096037 26 3.8000000000000003
-17.14 64.9668033096037 26 3.9000000000000004
-17.14 64.9668033096037 26 4.0
-17.14 64.9668033096037 26 4.1000000000000005
-17.14 64.9668033096037 26 4.2
-17.14 64.9668033096037 26 4.3
-17.14 64.9668033096037 26 4.4
-17.14 64.9668033096037 26 4.5
-17.14 64.9668033096037 26 4.6000000000000005
-17.14 64.9668033096037 26 4.7
-17.14 64.9668033096037 26 4.800000000000001
-17.14 64.9668033096037 26 4.9
-17.14 64.9668033096037 26 5.0
-17.14 64.9668033096037 26 5.1000000000000005
-17.14 64.9668033096037 26 5.2
-17.14 64.9668033096037 26 5.300000000000001
-17.14 64.9668033096037 26 5.4
-17.14 64.9668033096037 26 5.5
-17.14 64.9668033096037 26 5.6000000000000005
-17.14 64.9668033096037 26 5.7
-17.14 64.9668033096037 26 5.800000000000001
-17.14 64.9668033096037 26 5.9
-17.14 64.95783405969496 27 0.0
-17.14 64.95783405969496 27 0.1
-17.14 64.95783405969496 27 0.2
-17.14 64.95783405969496 27 0.30000000000000004
-17.14 64.95783405969496 27 0.4
-17.14 64.95783405969496 27 0.5
-17.14 64.95783405969496 27 0.6000000000000001
-17.14 64.95783405969496 27 0.7000000000000001
-17.14 64.95783405969496 27 0.8
-17.14 64.95783405969496 27 0.9
-17.14 64.95783405969496 27 1.0
-17.14 64.95783405969496 27 1.1
-17.14 64.95783405969496 27 1.2000000000000002
-17.14 64.95783405969496 27 1.3
-17.14 64.95783405969496 27 1.4000000000000001
-17.14 64.95783405969496 27 1.5
-17.14 64.95783405969496 27 1.6
-17.14 64.95783405969496 27 1.7000000000000002
-17.14 64.95783405969496 27 1.8
-17.14 64.95783405969496 27 1.9000000000000001
-17.14 64.95783405969496 27 2.0
-17.14 64.95783405969496 27 2.1
-17.14 64.95783405969496 27 2.2
-17.14 64.95783405969496 27 2.3000000000000003
-17.14 64.95783405969496 27 2.4000000000000004
-17.14 64.95783405969496 27 2.5
-17.14 64.95783405969496 27 2.6
-17.14 64.95783405969496 27 2.7
-17.14 64.95783405969496 27 2.8000000000000003
-17.14 64.95783405969496 27 2.9000000000000004
-17.14 64.95783405969496 27 3.0
-17.14 64.95783405969496 27 3.1
-17.14 64.95783405969496 27 3.2
-17.14 64.95783405969496 27 3.3000000000000003
-17.14 64.95783405969496 27 3.4000000000000004
-17.14 64.95783405969496 27 3.5
-17.14 64.95783405969496 27 3.6
-17.14 64.95783405969496 27 3.7
-17.14 64.95783405969496 27 3.8000000000000003
-17.14 64.95783405969496 27 3.9000000000000004
-17.14 64.95783405969496 27 4.0
-17.14 64.95783405969496 27 4.1000000000000005
-17.14 64.95783405969496 27 4.2
-17.14 64.95783405969496 27 4.3
-17.14 64.95783405969496 27 4.4
-17.14 64.95783405969496 27 4.5
-17.14 64.95783405969496 27 4.6000000000000005
-17.14 64.95783405969496 27 4.7
-17.14 64.95783405969496 27 4.800000000000001
-17.14 64.95783405969496 27 4.9
-17.14 64.95783405969496 27 5.0
-17.14 64.95783405969496 27 5.1000000000000005
-17.14 64.95783405969496 27 5.2
-17.14 64.95783405969496 27 5.300000000000001
-17.14 64.95783405969496 27 5.4
-17.14 64.95783405969496 27 5.5
-17.14 64.95783405969496 27 5.6000000000000005
-17.14 64.95783405969496 27 5.7
-17.14 64.95783405969496 27 5.800000000000001
-17.14 64.95783405969496 27 5.9
-17.14 64.95783405969496 27 6.0
-17.14 64.95783405969496 27 6.1000000000000005
-17.14 64.95783405969496 27 6.2
-17.14 64.95783405969496 27 6.300000000000001
-17.14 64.95783405969496 27 6.4
-17.14 64.95783405969496 27 6.5
-17.14 64.94886479891261 28 0.0
-17.14 64.94886479891261 28 0.1
-17.14 64.94886479891261 28 0.2
-17.14 64.94886479891261 28 0.30000000000000004
-17.14 64.94886479891261 28 0.4
-17.14 64.94886479891261 28 0.5
-17.14 64.94886479891261 28 0.6000000000000001
-17.14 64.94886479891261 28 0.7000000000000001
-17.14 64.94886479891261 28 0.8
-17.14 64.94886479891261 28 0.9
-17.14 64.94886479891261 28 1.0
-17.14 64.94886479891261 28 1.1
-17.14 64.94886479891261 28 1.2000000000000002
-17.14 64.94886479891261 28 1.3
-17.14 64.94886479891261 28 1.4000000000000001
-17.14 64.94886479891261 28 1.5
-17.14 64.94886479891261 28 1.6
-17.14 64.94886479891261 28 1.7000000000000002
-17.14 64.94886479891261 28 1.8
-17.14 64.94886479891261 28 1.9000000000000001
-17.14 64.94886479891261 28 2.0
-17.14 64.94886479891261 28 2.1
-17.14 64.94886479891261 28 2.2
-17.14 64.94886479891261 28 2.3000000000000003
-17.14 64.94886479891261 28 2.4000000000000004
-17.14 64.94886479891261 28 2.5
-17.14 64.94886479891261 28 2.6
-17.14 64.94886479891261 28 2.7
-17.14 64.94886479891261 28 2.8000000000000003
-17.14 64.94886479891261 28 2.9000000000000004
-17.14 64.94886479891261 28 3.0
-17.14 64.94886479891261 28 3.1
-17.14 64.94886479891261 28 3.2
-17.14 64.94886479891261 28 3.3000000000000003
-17.14 64.94886479891261 28 3.4000000000000004
-17.14 64.94886479891261 28 3.5
-17.14 64.94886479891261 28 3.6
-17.14 64.94886479891261 28 3.7
-17.14 64.94886479891261 28 3.8000000000000003
-17.14 64.94886479891261 28 3.9000000000000004
-17.14 64.94886479891261 28 4.0
-17.14 64.94886479891261 28 4.1000000000000005
-17.14 64.94886479891261 28 4.2
-17.14 64.94886479891261 28 4.3
-17.14 64.94886479891261 28 4.4
-17.14 64.94886479891261 28 4.5
-17.14 64.94886479891261 28 4.6000000000000005
-17.14 64.94886479891261 28 4.7
-17.14 64.94886479891261 28 4.800000000000001
-17.14 64.94886479891261 28 4.9
-17.14 64.94886479891261 28 5.0
-17.14 64.94886479891261 28 5.1000000000000005
-17.14 64.94886479891261 28 5.2
-17.14 64.94886479891261 28 5.300000000000001
-17.14 64.94886479891261 28 5.4
-17.14 64.94886479891261 28 5.5
-17.14 64.94886479891261 28 5.6000000000000005
-17.14 64.94886479891261 28 5.7
-17.14 64.94886479891261 28 5.800000000000001
-17.14 64.94886479891261 28 5.9
-17.14 64.94886479891261 28 6.0
-17.14 64.94886479891261 28 6.1000000000000005
-17.14 64.94886479891261 28 6.2
-17.14 64.94886479891261 28 6.300000000000001
-17.14 64.94886479891261 28 6.4
-17.14 64.94886479891261 28 6.5
-17.14 64.94886479891261 28 6.6000000000000005
-17.14 64.94886479891261 28 6.7
-17.14 64.94886479891261 28 6.800000000000001
-17.14 64.94886479891261 28 6.9
-17.14 64.94886479891261 28 7.0
-17.14 64.94886479891261 28 7.1000000000000005
-17.14 64.93989552725375 29 0.0
-17.14 64.93989552725375 29 0.1
-17.14 64.93989552725375 29 0.2
-17.14 64.93989552725375 29 0.30000000000000004
-17.14 64.93989552725375 29 0.4
-17.14 64.93989552725375 29 0.5
-17.14 64.93989552725375 29 0.6000000000000001
-17.14 64.93989552725375 29 0.7000000000000001
-17.14 64.93989552725375 29 0.8
-17.14 64.93989552725375 29 0.9
-17.14 64.93989552725375 29 1.0
-17.14 64.93989552725375 29 1.1
-17.14 64.93989552725375 29 1.2000000000000002
-17.14 64.93989552725375 29 1.3
-17.14 64.93989552725375 29 1.4000000000000001
-17.14 64.93989552725375 29 1.5
-17.14 64.93989552725375 29 1.6
-17.14 64.93989552725375 29 1.7000000000000002
-17.14 64.93989552725375 29 1.8
-17.14 64.93989552725375 29 1.9000000000000001
-17.14 64.93989552725375 29 2.0
-17.14 64.93989552725375 29 2.1
-17.14 64.93989552725375 29 2.2
-17.14 64.93989552725375 29 2.3000000000000003
-17.14 64.93989552725375 29 2.4000000000000004
-17.14 64.93989552725375 29 2.5
-17.14 64.93989552725375 29 2.6
-17.14 64.93989552725375 29 2.7
-17.14 64.93989552725375 29 2.8000000000000003
-17.14 64.93989552725375 29 2.9000000000000004
-17.14 64.93989552725375 29 3.0
-17.14 64.93989552725375 29 3.1
-17.14 64.93989552725375 29 3.2
-17.14 64.93989552725375 29 3.3000000000000003
-17.14 64.93989552725375 29 3.4000000000000004
-17.14 64.93989552725375 29 3.5
-17.14 64.93989552725375 29 3.6
-17.14 64.93989552725375 29 3.7
-17.14 64.93989552725375 29 3.8000000000000003
-17.14 64.93989552725375 29 3.9000000000000004
-17.14 64.93989552725375 29 4.0
-17.14 64.93989552725375 29 4.1000000000000005
-17.14 64.93989552725375 29 4.2
-17.14 64.93989552725375 29 4.3
-17.14 64.93989552725375 29 4.4
-17.14 64.93989552725375 29 4.5
-17.14 64.93989552725375 29 4.6000000000000005
-17.14 64.93989552725375 29 4.7
-17.14 64.93989552725375 29 4.800000000000001
-17.14 64.93989552725375 29 4.9
-17.14 64.93989552725375 29 5.0
-17.14 64.93989552725375 29 5.1000000000000005
-17.14 64.93989552725375 29 5.2
-17.14 64.93989552725375 29 5.300000000000001
-17.14 64.93989552725375 29 5.4
-17.14 64.93989552725375 29 5.5
-17.14 64.93989552725375 29 5.6000000000000005
-17.14 64.93989552725375 29 5.7
-17.14 64.93989552725375 29 5.800000000000001
-17.14 64.93989552725375 29 5.9
-17.14 64.93989552725375 29 6.0
-17.14 64.93989552725375 29 6.1000000000000005
-17.14 64.93989552725375 29 6.2
-17.14 64.93989552725375 29 6.300000000000001
-17.14 64.93989552725375 29 6.4
-17.14 64.93989552725375 29 6.5
-17.14 64.93989552725375 29 6.6000000000000005
-17.14 64.93989552725375 29 6.7
-17.14 64.93989552725375 29 6.800000000000001
-17.14 64.93989552725375 29 6.9
-17.14 64.93989552725375 29 7.0
-17.14 64.93989552725375 29 7.1000000000000005
-17.14 64.93989552725375 29 7.2
-17.14 64.93989552725375 29 7.300000000000001
-17.14 64.93989552725375 29 7.4
-17.14 64.93092624471555 30 0.0
-17.14 64.93092624471555 30 0.1
-17.14 64.93092624471555 30 0.2
-17.14 64.93092624471555 30 0.30000000000000004
-17.14 64.93092624471555 30 0.4
-17.14 64.93092624471555 30 0.5
-17.14 64.93092624471555 30 0.6000000000000001
-17.14 64.93092624471555 30 0.7000000000000001
-17.14 64.93092624471555 30 0.8
-17.14 64.93092624471555 30 0.9
-17.14 64.93092624471555 30 1.0
-17.14 64.93092624471555 30 1.1
-17.14 64.93092624471555 30 1.2000000000000002
-17.14 64.93092624471555 30 1.3
-17.14 64.93092624471555 30 1.4000000000000001
-17.14 64.93092624471555 30 1.5
-17.14 64.93092624471555 30 1.6
-17.14 64.93092624471555 30 1.7000000000000002
-17.14 64.93092624471555 30 1.8
-17.14 64.93092624471555 30 1.9000000000000001
-17.14 64.93092624471555 30 2.0
-17.14 64.93092624471555 30 2.1
-17.14 64.93092624471555 30 2.2
-17.14 64.93092624471555 30 2.3000000000000003
-17.14 64.93092624471555 30 2.4000000000000004
-17.14 64.93092624471555 30 2.5
-17.14 64.93092624471555 30 2.6
-17.14 64.93092624471555 30 2.7
-17.14 64.93092624471555 30 2.8000000000000003
-17.14 64.93092624471555 30 2.9000000000000004
-17.14 64.93092624471555 30 3.0
-17.14 64.93092624471555 30 3.1
-17.14 64.93092624471555 30 3.2
-17.14 64.93092624471555 30 3.3000000000000003
-17.14 64.93092624471555 30 3.4000000000000004
-17.14 64.93092624471555 30 3.5
-17.14 64.93092624471555 30 3.6
-17.14 64.93092624471555 30 3.7
-17.14 64.93092624471555 30 3.8000000000000003
-17.14 64.93092624471555 30 3.9000000000000004
-17.14 64.93092624471555 30 4.0
-17.14 64.93092624471555 30 4.1000000000000005
-17.14 64.93092624471555 30 4.2
-17.14 64.93092624471555 30 4.3
-17.14 64.93092624471555 30 4.4
-17.14 64.93092624471555 30 4.5
-17.14 64.93092624471555 30 4.6000000000000005
-17.14 64.93092624471555 30 4.7
-17.14 64.93092624471555 30 4.800000000000001
-17.14 64.93092624471555 30 4.9
-17.14 64.93092624471555 30 5.0
-17.14 64.93092624471555 30 5.1000000000000005
-17.14 64.93092624471555 30 5.2
-17.14 64.93092624471555 30 5.300000000000001
-17.14 64.93092624471555 30 5.4
-17.14 64.93092624471555 30 5.5
-17.14 64.93092624471555 30 5.6000000000000005
-17.14 64.93092624471555 30 5.7
-17.14 64.93092624471555 30 5.800000000000001
-17.14 64.93092624471555 30 5.9
-17.14 64.93092624471555 30 6.0
-17.14 64.93092624471555 30 6.1000000000000005
-17.14 64.93092624471555 30 6.2
-17.14 64.93092624471555 30 6.300000000000001
-17.14 64.93092624471555 30 6.4
-17.14 64.93092624471555 30 6.5
-17.14 64.93092624471555 30 6.6000000000000005
-17.14 64.93092624471555 30 6.7
-17.14 64.92195695129513 31 0.0
-17.14 64.92195695129513 31 0.1
-17.14 64.92195695129513 31 0.2
-17.14 64.92195695129513 31 0.30000000000000004
-17.14 64.92195695129513 31 0.4
-17.14 64.92195695129513 31 0.5
-17.14 64.92195695129513 31 0.6000000000000001
-17.14 64.92195695129513 31 0.7000000000000001
-17.14 64.92195695129513 31 0.8
-17.14 64.92195695129513 31 0.9
-17.14 64.92195695129513 31 1.0
-17.14 64.92195695129513 31 1.1
-17.14 64.92195695129513 31 1.2000000000000002
-17.14 64.92195695129513 31 1.3
-17.14 64.92195695129513 31 1.4000000000000001
-17.14 64.92195695129513 31 1.5
-17.14 64.92195695129513 31 1.6
-17.14 64.92195695129513 31 1.7000000000000002
-17.14 64.92195695129513 31 1.8
-17.14 64.92195695129513 31 1.9000000000000001
-17.14 64.92195695129513 31 2.0
-17.14 64.92195695129513 31 2.1
-17.14 64.92195695129513 31 2.2
-17.14 64.92195695129513 31 2.3000000000000003
-17.14 64.92195695129513 31 2.4000000000000004
-17.14 64.92195695129513 31 2.5
-17.14 64.92195695129513 31 2.6
-17.14 64.92195695129513 31 2.7
-17.14 64.92195695129513 31 2.8000000000000003
-17.14 64.92195695129513 31 2.9000000000000004
-17.14 64.92195695129513 31 3.0
-17.14 64.92195695129513 31 3.1
-17.14 64.92195695129513 31 3.2
-17.14 64.92195695129513 31 3.3000000000000003
-17.14 64.92195695129513 31 3.4000000000000004
-17.14 64.92195695129513 31 3.5
-17.14 64.92195695129513 31 3.6
-17.14 64.92195695129513 31 3.7
-17.14 64.92195695129513 31 3.8000000000000003
-17.14 64.92195695129513 31 3.9000000000000004
-17.14 64.92195695129513 31 4.0
-17.14 64.92195695129513 31 4.1000000000000005
-17.14 64.92195695129513 31 4.2
-17.14 64.92195695129513 31 4.3
-17.14 64.92195695129513 31 4.4
-17.14 64.92195695129513 31 4.5
-17.14 64.92195695129513 31 4.6000000000000005
-17.14 64.92195695129513 31 4.7
-17.14 64.92195695129513 31 4.800000000000001
-17.14 64.92195695129513 31 4.9
-17.14 64.92195695129513 31 5.0
-17.14 64.92195695129513 31 5.1000000000000005
-17.14 64.92195695129513 31 5.2
-17.14 64.92195695129513 31 5.300000000000001
-17.14 64.92195695129513 31 5.4
-17.14 64.92195695129513 31 5.5
-17.14 64.92195695129513 31 5.6000000000000005
-17.14 64.92195695129513 31 5.7
-17.14 64.92195695129513 31 5.800000000000001
-17.14 64.92195695129513 31 5.9
-17.14 64.92195695129513 31 6.0
-17.14 64.91298764698962 32 0.0
-17.14 64.91298764698962 32 0.1
-17.14 64.91298764698962 32 0.2
-17.14 64.91298764698962 32 0.30000000000000004
-17.14 64.91298764698962 32 0.4
-17.14 64.91298764698962 32 0.5
-17.14 64.91298764698962 32 0.6000000000000001
-17.14 64.91298764698962 32 0.7000000000000001
-17.14 64.91298764698962 32 0.8
-17.14 64.91298764698962 32 0.9
-17.14 64.91298764698962 32 1.0
-17.14 64.91298764698962 32 1.1
-17.14 64.91298764698962 32 1.2000000000000002
-17.14 64.91298764698962 32 1.3
-17.14 64.91298764698962 32 1.4000000000000001
-17.14 64.91298764698962 32 1.5
-17.14 64.91298764698962 32 1.6
-17.14 64.91298764698962 32 1.7000000000000002
-17.14 64.91298764698962 32 1.8
-17.14 64.91298764698962 32 1.9000000000000001
-17.14 64.91298764698962 32 2.0
-17.14 64.91298764698962 32 2.1
-17.14 64.91298764698962 32 2.2
-17.14 64.91298764698962 32 2.3000000000000003
-17.14 64.91298764698962 32 2.4000000000000004
-17.14 64.91298764698962 32 2.5
-17.14 64.91298764698962 32 2.6
-17.14 64.91298764698962 32 2.7
-17.14 64.91298764698962 32 2.8000000000000003
-17.14 64.91298764698962 32 2.9000000000000004
-17.14 64.91298764698962 32 3.0
-17.14 64.91298764698962 32 3.1
-17.14 64.91298764698962 32 3.2
-17.14 64.91298764698962 32 3.3000000000000003
-17.14 64.91298764698962 32 3.4000000000000004
-17.14 64.91298764698962 32 3.5
-17.14 64.91298764698962 32 3.6
-17.14 64.91298764698962 32 3.7
-17.14 64.91298764698962 32 3.8000000000000003
-17.14 64.91298764698962 32 3.9000000000000004
-17.14 64.91298764698962 32 4.0
-17.14 64.91298764698962 32 4.1000000000000005
-17.14 64.91298764698962 32 4.2
-17.14 64.91298764698962 32 4.3
-17.14 64.91298764698962 32 4.4
-17.14 64.91298764698962 32 4.5
-17.14 64.91298764698962 32 4.6000000000000005
-17.14 64.91298764698962 32 4.7
-17.14 64.91298764698962 32 4.800000000000001
-17.14 64.91298764698962 32 4.9
-17.14 64.91298764698962 32 5.0
-17.14 64.91298764698962 32 5.1000000000000005
-17.14 64.91298764698962 32 5.2
-17.14 64.91298764698962 32 5.300000000000001
-17.14 64.90401833179618 33 0.0
-17.14 64.90401833179618 33 0.1
-17.14 64.90401833179618 33 0.2
-17.14 64.90401833179618 33 0.30000000000000004
-17.14 64.90401833179618 33 0.4
-17.14 64.90401833179618 33 0.5
-17.14 64.90401833179618 33 0.6000000000000001
-17.14 64.90401833179618 33 0.7000000000000001
-17.14 64.90401833179618 33 0.8
-17.14 64.90401833179618 33 0.9
-17.14 64.90401833179618 33 1.0
-17.14 64.90401833179618 33 1.1
-17.14 64.90401833179618 33 1.2000000000000002
-17.14 64.90401833179618 33 1.3
-17.14 64.90401833179618 33 1.4000000000000001
-17.14 64.90401833179618 33 1.5
-17.14 64.90401833179618 33 1.6
-17.14 64.90401833179618 33 1.7000000000000002
-17.14 64.90401833179618 33 1.8
-17.14 64.90401833179618 33 1.9000000000000001
-17.14 64.90401833179618 33 2.0
-17.14 64.90401833179618 33 2.1
-17.14 64.90401833179618 33 2.2
-17.14 64.90401833179618 33 2.3000000000000003
-17.14 64.90401833179618 33 2.4000000000000004
-17.14 64.90401833179618 33 2.5
-17.14 64.90401833179618 33 2.6
-17.14 64.90401833179618 33 2.7
-17.14 64.90401833179618 33 2.8000000000000003
-17.14 64.90401833179618 33 2.9000000000000004
-17.14 64.90401833179618 33 3.0
-17.14 64.90401833179618 33 3.1
-17.14 64.90401833179618 33 3.2
-17.14 64.90401833179618 33 3.3000000000000003
-17.14 64.90401833179618 33 3.4000000000000004
-17.14 64.90401833179618 33 3.5
-17.14 64.90401833179618 33 3.6
-17.14 64.90401833179618 33 3.7
-17.14 64.90401833179618 33 3.8000000000000003
-17.14 64.90401833179618 33 3.9000000000000004
-17.14 64.90401833179618 33 4.0
-17.14 64.90401833179618 33 4.1000000000000005
-17.14 64.90401833179618 33 4.2
-17.14 64.90401833179618 33 4.3
-17.14 64.90401833179618 33 4.4
-17.14 64.90401833179618 33 4.5
-17.14 64.90401833179618 33 4.6000000000000005
-17.14 64.89504900571195 34 0.0
-17.14 64.89504900571195 34 0.1
-17.14 64.89504900571195 34 0.2
-17.14 64.89504900571195 34 0.30000000000000004
-17.14 64.89504900571195 34 0.4
-17.14 64.89504900571195 34 0.5
-17.14 64.89504900571195 34 0.6000000000000001
-17.14 64.89504900571195 34 0.7000000000000001
-17.14 64.89504900571195 34 0.8
-17.14 64.89504900571195 34 0.9
-17.14 64.89504900571195 34 1.0
-17.14 64.89504900571195 34 1.1
-17.14 64.89504900571195 34 1.2000000000000002
-17.14 64.89504900571195 34 1.3
-17.14 64.89504900571195 34 1.4000000000000001
-17.14 64.89504900571195 34 1.5
-17.14 64.89504900571195 34 1.6
-17.14 64.89504900571195 34 1.7000000000000002
-17.14 64.89504900571195 34 1.8
-17.14 64.89504900571195 34 1.9000000000000001
-17.14 64.89504900571195 34 2.0
-17.14 64.89504900571195 34 2.1
-17.14 64.89504900571195 34 2.2
-17.14 64.89504900571195 34 2.3000000000000003
-17.14 64.89504900571195 34 2.4000000000000004
-17.14 64.89504900571195 34 2.5
-17.14 64.89504900571195 34 2.6
-17.14 64.89504900571195 34 2.7
-17.14 64.89504900571195 34 2.8000000000000003
-17.14 64.89504900571195 34 2.9000000000000004
-17.14 64.89504900571195 34 3.0
-17.14 64.89504900571195 34 3.1
-17.14 64.89504900571195 34 3.2
-17.14 64.89504900571195 34 3.3000000000000003
-17.14 64.89504900571195 34 3.4000000000000004
-17.14 64.89504900571195 34 3.5
-17.14 64.89504900571195 34 3.6
-17.14 64.89504900571195 34 3.7
-17.14 64.89504900571195 34 3.8000000000000003
-17.14 64.89504900571195 34 3.9000000000000004
-17.14 64.89504900571195 34 4.0
-17.14 64.88607966873406 35 0.0
-17.14 64.88607966873406 35 0.1
-17.14 64.88607966873406 35 0.2
-17.14 64.88607966873406 35 0.30000000000000004
-17.14 64.88607966873406 35 0.4
-17.14 64.88607966873406 35 0.5
-17.14 64.88607966873406 35 0.6000000000000001
-17.14 64.88607966873406 35 0.7000000000000001
-17.14 64.88607966873406 35 0.8
-17.14 64.88607966873406 35 0.9
-17.14 64.88607966873406 35 1.0
-17.14 64.88607966873406 35 1.1
-17.14 64.88607966873406 35 1.2000000000000002
-17.14 64.88607966873406 35 1.3
-17.14 64.88607966873406 35 1.4000000000000001
-17.14 64.88607966873406 35 1.5
-17.14 64.88607966873406 35 1.6
-17.14 64.88607966873406 35 1.7000000000000002
-17.14 64.88607966873406 35 1.8
-17.14 64.88607966873406 35 1.9000000000000001
-17.14 64.88607966873406 35 2.0
-17.14 64.88607966873406 35 2.1
-17.14 64.88607966873406 35 2.2
-17.14 64.88607966873406 35 2.3000000000000003
-17.14 64.88607966873406 35 2.4000000000000004
-17.14 64.88607966873406 35 2.5
-17.14 64.88607966873406 35 2.6
-17.14 64.88607966873406 35 2.7
-17.14 64.88607966873406 35 2.8000000000000003
-17.14 64.88607966873406 35 2.9000000000000004
-17.14 64.88607966873406 35 3.0
-17.14 64.88607966873406 35 3.1
-17.14 64.88607966873406 35 3.2
-17.14 64.88607966873406 35 3.3000000000000003
-17.14 64.88607966873406 35 3.4000000000000004
-17.14 64.87711032085966 36 0.0
-17.14 64.87711032085966 36 0.1
-17.14 64.87711032085966 36 0.2
-17.14 64.87711032085966 36 0.30000000000000004
-17.14 64.87711032085966 36 0.4
-17.14 64.87711032085966 36 0.5
-17.14 64.87711032085966 36 0.6000000000000001
-17.14 64.87711032085966 36 0.7000000000000001
-17.14 64.87711032085966 36 0.8
-17.14 64.87711032085966 36 0.9
-17.14 64.87711032085966 36 1.0
-17.14 64.87711032085966 36 1.1
-17.14 64.87711032085966 36 1.2000000000000002
-17.14 64.87711032085966 36 1.3
-17.14 64.87711032085966 36 1.4000000000000001
-17.14 64.87711032085966 36 1.5
-17.14 64.87711032085966 36 1.6
-17.14 64.87711032085966 36 1.7000000000000002
-17.14 64.87711032085966 36 1.8
-17.14 64.87711032085966 36 1.9000000000000001
-17.14 64.87711032085966 36 2.0
-17.14 64.87711032085966 36 2.1
-17.14 64.87711032085966 36 2.2
-17.14 64.87711032085966 36 2.3000000000000003
-17.14 64.87711032085966 36 2.4000000000000004
-17.14 64.87711032085966 36 2.5
-17.14 64.87711032085966 36 2.6
-17.14 64.87711032085966 36 2.7
-17.14 64.87711032085966 36 2.8000000000000003
-17.14 64.87711032085966 36 2.9000000000000004
-17.14 64.86814096208587 37 0.0
-17.14 64.86814096208587 37 0.1
-17.14 64.86814096208587 37 0.2
-17.14 64.86814096208587 37 0.30000000000000004
-17.14 64.86814096208587 37 0.4
-17.14 64.86814096208587 37 0.5
-17.14 64.86814096208587 37 0.6000000000000001
-17.14 64.86814096208587 37 0.7000000000000001
-17.14 64.86814096208587 37 0.8
-17.14 64.86814096208587 37 0.9
-17.14 64.86814096208587 37 1.0
-17.14 64.86814096208587 37 1.1
-17.14 64.86814096208587 37 1.2000000000000002
-17.14 64.86814096208587 37 1.3
-17.14 64.86814096208587 37 1.4000000000000001
-17.14 64.86814096208587 37 1.5
-17.14 64.86814096208587 37 1.6
-17.14 64.86814096208587 37 1.7000000000000002
-17.14 64.86814096208587 37 1.8
-17.14 64.86814096208587 37 1.9000000000000001
-17.14 64.86814096208587 37 2.0
-17.14 64.86814096208587 37 2.1
-17.14 64.86814096208587 37 2.2
-17.14 64.86814096208587 37 2.3000000000000003
-17.14 64.85917159240987 38 0.0
-17.14 64.85917159240987 38 0.1
-17.14 64.85917159240987 38 0.2
-17.14 64.85917159240987 38 0.30000000000000004
-17.14 64.85917159240987 38 0.4
-17.14 64.85917159240987 38 0.5
-17.14 64.85917159240987 38 0.6000000000000001
-17.14 64.85917159240987 38 0.7000000000000001
-17.14 64.85917159240987 38 0.8
-17.14 64.85917159240987 38 0.9
-17.14 64.85917159240987 38 1.0
-17.14 64.85917159240987 38 1.1
-17.14 64.85917159240987 38 1.2000000000000002
-17.14 64.85917159240987 38 1.3
-17.14 64.85917159240987 38 1.4000000000000001
-17.14 64.85917159240987 38 1.5
-17.14 64.85917159240987 38 1.6
-17.14 64.85917159240987 38 1.7000000000000002
-17.14 64.85917159240987 38 1.8
-17.14 64.85917159240987 38 13.4
-17.14 64.85917159240987 38 13.5
-17.14 64.85917159240987 38 13.600000000000001
-17.14 64.85020221182876 39 0.0
-17.14 64.85020221182876 39 0.1
-17.14 64.85020221182876 39 0.2
-17.14 64.85020221182876 39 0.30000000000000004
-17.14 64.85020221182876 39 0.4
-17.14 64.85020221182876 39 0.5
-17.14 64.85020221182876 39 0.6000000000000001
-17.14 64.85020221182876 39 0.7000000000000001
-17.14 64.85020221182876 39 0.8
-17.14 64.85020221182876 39 0.9
-17.14 64.85020221182876 39 1.0
-17.14 64.85020221182876 39 1.1
-17.14 64.85020221182876 39 1.2000000000000002
-17.14 64.85020221182876 39 1.3
-17.14 64.85020221182876 39 1.4000000000000001
-17.14 64.85020221182876 39 1.5
-17.14 64.85020221182876 39 13.200000000000001
-17.14 64.85020221182876 39 13.3
-17.14 64.85020221182876 39 13.4
-17.14 64.85020221182876 39 13.5
-17.14 64.85020221182876 39 13.600000000000001
-17.14 64.85020221182876 39 13.700000000000001
-17.14 64.85020221182876 39 13.8
-17.14 64.85020221182876 39 13.9
-17.14 64.85020221182876 39 14.0
-17.14 64.85020221182876 39 14.100000000000001
-17.14 64.85020221182876 39 14.200000000000001
-17.14 64.85020221182876 39 14.3
-17.14 64.85020221182876 39 14.4
-17.14 64.85020221182876 39 14.5
-17.14 64.85020221182876 39 14.600000000000001
-17.14 64.84123282033974 40 0.0
-17.14 64.84123282033974 40 0.1
-17.14 64.84123282033974 40 0.2
-17.14 64.84123282033974 40 0.30000000000000004
-17.14 64.84123282033974 40 0.4
-17.14 64.84123282033974 40 0.5
-17.14 64.84123282033974 40 0.6000000000000001
-17.14 64.84123282033974 40 0.7000000000000001
-17.14 64.84123282033974 40 0.8
-17.14 64.84123282033974 40 0.9
-17.14 64.84123282033974 40 1.0
-17.14 64.84123282033974 40 1.1
-17.14 64.84123282033974 40 1.2000000000000002
-17.14 64.84123282033974 40 1.3
-17.14 64.84123282033974 40 1.4000000000000001
-17.14 64.84123282033974 40 12.8
-17.14 64.84123282033974 40 12.9
-17.14 64.84123282033974 40 13.0
-17.14 64.84123282033974 40 13.100000000000001
-17.14 64.84123282033974 40 13.200000000000001
-17.14 64.84123282033974 40 13.3
-17.14 64.84123282033974 40 13.4
-17.14 64.84123282033974 40 13.5
-17.14 64.84123282033974 40 13.600000000000001
-17.14 64.84123282033974 40 13.700000000000001
-17.14 64.84123282033974 40 13.8
-17.14 64.84123282033974 40 13.9
-17.14 64.84123282033974 40 14.0
-17.14 64.84123282033974 40 14.100000000000001
-17.14 64.84123282033974 40 14.200000000000001
-17.14 64.84123282033974 40 14.3
-17.14 64.84123282033974 40 14.4
-17.14 64.84123282033974 40 14.5
-17.14 64.84123282033974 40 14.600000000000001
-17.14 64.84123282033974 40 14.700000000000001
-17.14 64.84123282033974 40 14.8
-17.14 64.84123282033974 40 14.9
-17.14 64.83226341793991 41 0.0
-17.14 64.83226341793991 41 0.1
-17.14 64.83226341793991 41 0.2
-17.14 64.83226341793991 41 0.30000000000000004
-17.14 64.83226341793991 41 0.4
-17.14 64.83226341793991 41 0.5
-17.14 64.83226341793991 41 0.6000000000000001
-17.14 64.83226341793991 41 0.7000000000000001
-17.14 64.83226341793991 41 0.8
-17.14 64.83226341793991 41 0.9
-17.14 64.83226341793991 41 1.0
-17.14 64.83226341793991 41 1.1
-17.14 64.83226341793991 41 1.2000000000000002
-17.14 64.83226341793991 41 1.3
-17.14 64.83226341793991 41 1.4000000000000001
-17.14 64.83226341793991 41 1.5
-17.14 64.83226341793991 41 12.3
-17.14 64.83226341793991 41 12.4
-17.14 64.83226341793991 41 12.5
-17.14 64.83226341793991 41 12.600000000000001
-17.14 64.83226341793991 41 12.700000000000001
-17.14 64.83226341793991 41 12.8
-17.14 64.83226341793991 41 12.9
-17.14 64.83226341793991 41 13.0
-17.14 64.83226341793991 41 13.100000000000001
-17.14 64.83226341793991 41 13.200000000000001
-17.14 64.83226341793991 41 13.3
-17.14 64.83226341793991 41 13.4
-17.14 64.83226341793991 41 13.5
-17.14 64.83226341793991 41 13.600000000000001
-17.14 64.83226341793991 41 13.700000000000001
-17.14 64.83226341793991 41 13.8
-17.14 64.83226341793991 41 13.9
-17.14 64.83226341793991 41 14.0
-17.14 64.83226341793991 41 14.100000000000001
-17.14 64.83226341793991 41 14.200000000000001
-17.14 64.83226341793991 41 14.3
-17.14 64.83226341793991 41 14.4
-17.14 64.83226341793991 41 14.5
-17.14 64.83226341793991 41 14.600000000000001
-17.14 64.83226341793991 41 14.700000000000001
-17.14 64.83226341793991 41 14.8
-17.14 64.83226341793991 41 14.9
-17.14 64.82329400462646 42 0.0
-17.14 64.82329400462646 42 0.1
-17.14 64.82329400462646 42 0.2
-17.14 64.82329400462646 42 0.30000000000000004
-17.14 64.82329400462646 42 0.4
-17.14 64.82329400462646 42 0.5
-17.14 64.82329400462646 42 0.6000000000000001
-17.14 64.82329400462646 42 0.7000000000000001
-17.14 64.82329400462646 42 0.8
-17.14 64.82329400462646 42 0.9
-17.14 64.82329400462646 42 1.0
-17.14 64.82329400462646 42 1.1
-17.14 64.82329400462646 42 1.2000000000000002
-17.14 64.82329400462646 42 1.3
-17.14 64.82329400462646 42 1.4000000000000001
-17.14 64.82329400462646 42 1.5
-17.14 64.82329400462646 42 1.6
-17.14 64.82329400462646 42 1.7000000000000002
-17.14 64.82329400462646 42 1.8
-17.14 64.82329400462646 42 1.9000000000000001
-17.14 64.82329400462646 42 12.5
-17.14 64.82329400462646 42 12.600000000000001
-17.14 64.82329400462646 42 12.700000000000001
-17.14 64.82329400462646 42 12.8
-17.14 64.82329400462646 42 12.9
-17.14 64.82329400462646 42 13.0
-17.14 64.82329400462646 42 13.100000000000001
-17.14 64.82329400462646 42 13.200000000000001
-17.14 64.82329400462646 42 13.3
-17.14 64.82329400462646 42 13.4
-17.14 64.82329400462646 42 13.5
-17.14 64.82329400462646 42 13.600000000000001
-17.14 64.82329400462646 42 13.700000000000001
-17.14 64.82329400462646 42 13.8
-17.14 64.82329400462646 42 13.9
-17.14 64.82329400462646 42 14.0
-17.14 64.82329400462646 42 14.100000000000001
-17.14 64.82329400462646 42 14.200000000000001
-17.14 64.82329400462646 42 14.3
-17.14 64.82329400462646 42 14.4
-17.14 64.82329400462646 42 14.5
-17.14 64.82329400462646 42 14.600000000000001
-17.14 64.82329400462646 42 14.700000000000001
-17.14 64.82329400462646 42 14.8
-17.14 64.82329400462646 42 14.9
-17.14 64.81432458039652 43 0.0
-17.14 64.81432458039652 43 0.1
-17.14 64.81432458039652 43 0.2
-17.14 64.81432458039652 43 0.30000000000000004
-17.14 64.81432458039652 43 0.4
-17.14 64.81432458039652 43 0.5
-17.14 64.81432458039652 43 0.6000000000000001
-17.14 64.81432458039652 43 0.7000000000000001
-17.14 64.81432458039652 43 0.8
-17.14 64.81432458039652 43 0.9
-17.14 64.81432458039652 43 1.0
-17.14 64.81432458039652 43 1.1
-17.14 64.81432458039652 43 1.2000000000000002
-17.14 64.81432458039652 43 1.3
-17.14 64.81432458039652 43 1.4000000000000001
-17.14 64.81432458039652 43 1.5
-17.14 64.81432458039652 43 1.6
-17.14 64.81432458039652 43 1.7000000000000002
-17.14 64.81432458039652 43 1.8
-17.14 64.81432458039652 43 1.9000000000000001
-17.14 64.81432458039652 43 2.0
-17.14 64.81432458039652 43 2.1
-17.14 64.81432458039652 43 2.2
-17.14 64.81432458039652 43 2.3000000000000003
-17.14 64.81432458039652 43 2.4000000000000004
-17.14 64.81432458039652 43 2.5
-17.14 64.81432458039652 43 12.600000000000001
-17.14 64.81432458039652 43 12.700000000000001
-17.14 64.81432458039652 43 12.8
-17.14 64.81432458039652 43 12.9
-17.14 64.81432458039652 43 13.0
-17.14 64.81432458039652 43 13.100000000000001
-17.14 64.81432458039652 43 13.200000000000001
-17.14 64.81432458039652 43 13.3
-17.14 64.81432458039652 43 13.4
-17.14 64.81432458039652 43 13.5
-17.14 64.81432458039652 43 13.600000000000001
-17.14 64.81432458039652 43 13.700000000000001
-17.14 64.81432458039652 43 13.8
-17.14 64.81432458039652 43 13.9
-17.14 64.81432458039652 43 14.0
-17.14 64.81432458039652 43 14.100000000000001
-17.14 64.81432458039652 43 14.200000000000001
-17.14 64.81432458039652 43 14.3
-17.14 64.81432458039652 43 14.4
-17.14 64.81432458039652 43 14.5
-17.14 64.81432458039652 43 14.600000000000001
-17.14 64.81432458039652 43 14.700000000000001
-17.14 64.81432458039652 43 14.8
-17.14 64.81432458039652 43 14.9
-17.14 64.8 44 0.0
-17.14 64.8 44 0.1
-17.14 64.8 44 0.2
-17.14 64.8 44 0.30000000000000004
-17.14 64.8 44 0.4
-17.14 64.8 44 0.5
-17.14 64.8 44 0.6000000000000001
-17.14 64.8 44 0.7000000000000001
-17.14 64.8 44 0.8
-17.14 64.8 44 0.9
-17.14 64.8 44 1.0
-17.14 64.8 44 1.1
-17.14 64.8 44 1.2000000000000002
-17.14 64.8 44 1.3
-17.14 64.8 44 1.4000000000000001
-17.14 64.8 44 1.5
-17.14 64.8 44 1.6
-17.14 64.8 44 1.7000000000000002
-17.14 64.8 44 1.8
-17.14 64.8 44 1.9000000000000001
-17.14 64.8 44 2.0
-17.14 64.8 44 2.1
-17.14 64.8 44 2.2
-17.14 64.8 44 2.3000000000000003
-17.14 64.8 44 2.4000000000000004
-17.14 64.8 44 2.5
-17.14 64.8 44 2.6
-17.14 64.8 44 2.7
-17.14 64.8 44 2.8000000000000003
-17.14 64.8 44 2.9000000000000004
-17.14 64.8 44 3.0
-17.14 64.8 44 3.1
-17.14 64.8 44 3.2
-17.14 64.8 44 3.3000000000000003
-17.14 64.8 44 3.4000000000000004
-17.14 64.8 44 3.5
-17.14 64.8 44 3.6
-17.14 64.8 44 3.7
-17.14 64.8 44 3.8000000000000003
-17.14 64.8 44 3.9000000000000004
-17.14 64.8 44 12.200000000000001
-17.14 64.8 44 12.3
-17.14 64.8 44 12.4
-17.14 64.8 44 12.5
-17.14 64.8 44 12.600000000000001
-17.14 64.8 44 12.700000000000001
-17.14 64.8 44 12.8
-17.14 64.8 44 12.9
-17.14 64.8 44 13.0
-17.14 64.8 44 13.100000000000001
-17.14 64.8 44 13.200000000000001
-17.14 64.8 44 13.3
-17.14 64.8 44 13.4
-17.14 64.8 44 13.5
-17.14 64.8 44 13.600000000000001
-17.14 64.8 44 13.700000000000001
-17.14 64.8 44 13.8
-17.14 64.8 44 13.9
-17.14 64.8 44 14.0
-17.14 64.8 44 14.100000000000001
-17.14 64.8 44 14.200000000000001
-17.14 64.8 44 14.3
-17.14 64.8 44 14.4
-17.14 64.8 44 14.5
-17.14 64.8 44 14.600000000000001
-17.14 64.8 44 14.700000000000001
-17.14 64.8 44 14.8
-17.14 64.8 44 14.9
