-17.14 64.95 0 5.7 0.13482808761991405
-17.118842716238365 64.95006940865085 1 5.6000000000000005 0.2593551291026325
-17.0976853252982 64.95013581688275 2 5.5 0.24012686622363766
-17.07652783191421 64.9501992246719 3 7.2 0.22615027094179985
-17.055370240821244 64.95025963199552 4 7.300000000000001 0.1922812647340438
-17.034212556754294 64.95031703883193 5 7.4 0.14117580512261024
-17.01305478444848 64.9503714451605 6 7.300000000000001 0.11091734189333767
-16.991896928639058 64.95042285096171 7 7.300000000000001 0.12037748755777868
-16.9707389940614 64.95047125621711 8 7.300000000000001 0.09461801810555505
-16.949580985450986 64.95051666090933 9 23.400000000000002 0.08287447679833379
-16.928422907543414 64.95055906502205 10 23.400000000000002 0.09221954050774245
-16.907264765074373 64.95059846854005 11 23.5 0.10186327035011625
-16.886106562779645 64.9506348714492 12 23.5 0.11413515726853993
-16.864948305395107 64.95066827373641 13 23.8 0.11696692764717151
-16.843789997656707 64.95069867538969 14 23.6 0.1152367580102067
-16.822631644300465 64.95072607639813 15 24.700000000000003 0.10714100731647824
-16.801473250062475 64.9507504767519 16 25.0 0.11582908348596793
-16.780314819678882 64.95077187644223 17 25.200000000000003 0.11596121342722282
-16.75915635788588 64.95079027546144 18 25.0 0.10754958218423011
-16.73799786941973 64.95080567380293 19 25.1 0.09273624438663497
-16.716839359016696 64.95081807146116 20 25.1 0.08204049590599882
-16.695680831413107 64.95082746843167 21 25.0 0.07752136333846733
-16.674522291345294 64.95083386471111 22 23.700000000000003 0.06376906385248304
-16.653363743549622 64.95083726029718 23 7.800000000000001 0.06754369013710568
-16.632205192762456 64.95083765518865 24 6.7 0.06483678157674805
-16.611046643720172 64.95083504938538 25 6.300000000000001 0.07688628698455457
-16.589888101159136 64.95082944288829 26 5.300000000000001 0.06393934068591572
-16.568729569815712 64.95082083569943 27 13.600000000000001 0.060338773901850884
-16.547571054426246 64.95080922782188 28 13.600000000000001 0.06852158949865696
-16.52641255972706 64.95079461925978 29 36.0 0.08289671971146141
-16.505254090454443 64.9507770100184 30 36.0 0.0800145284296645
-16.484095651344656 64.95075640010405 31 13.700000000000001 0.08077786869998237
-16.462937247133908 64.95073278952415 32 13.9 0.08187653251259815
-16.441778882558364 64.95070617828715 33 35.7 0.08282902436007557
-16.420620562354127 64.95067656640262 34 35.1 0.07673492760710955
-16.399462291257237 64.9506439538812 35 35.2 0.09783227374726361
-16.378304074003662 64.95060834073458 36 35.300000000000004 0.11008190623624478
-16.3571459153293 64.95056972697554 37 35.2 0.0520019540496799
-16.335987819969958 64.95052811261796 38 11.5 0.06375339739691015
-16.31482979266135 64.95048349767679 39 10.700000000000001 0.045702296208385465
-16.293671838139097 64.95043588216802 40 10.8 0.060068125183513454
-16.272513961138714 64.95038526610875 41 10.700000000000001 0.07064131190522843
-16.251356166395603 64.9503316495172 42 21.5 0.08664875166909236
-16.230198458645045 64.95027503241255 43 21.200000000000003 0.0965122360234293
-16.2090408426222 64.95021541481515 44 21.1 0.09867915073970505
-16.187883323062096 64.95015279674642 45 21.1 0.09133876486977441
-16.16672590469962 64.95008717822881 46 21.200000000000003 0.09413400589987347
-16.14 64.95 47 21.3 0.09152853631397535
