-17.14 65.175 0 0.0
-17.14 65.175 0 0.1
-17.14 65.175 0 0.2
-17.14 65.175 0 0.30000000000000004
-17.14 65.175 0 0.4
-17.14 65.175 0 0.5
-17.14 65.175 0 0.6000000000000001
-17.14 65.175 0 0.7000000000000001
-17.14 65.175 0 0.8
-17.14 65.175 0 0.9
-17.14 65.175 0 1.0
-17.14 65.175 0 1.1
-17.14 65.175 0 1.2000000000000002
-17.14 65.175 0 1.3
-17.14 65.175 0 1.4000000000000001
-17.14 65.175 0 1.5
-17.14 65.175 0 1.6
-17.14 65.175 0 1.7000000000000002
-17.14 65.175 0 1.8
-17.14 65.175 0 1.9000000000000001
-17.14 65.175 0 2.0
-17.14 65.175 0 2.1
-17.14 65.175 0 2.2
-17.14 65.175 0 2.3000000000000003
-17.14 65.175 0 2.4000000000000004
-17.14 65.175 0 2.5
-17.14 65.175 0 2.6
-17.14 65.175 0 2.7
-17.14 65.175 0 2.8000000000000003
-17.14 65.175 0 2.9000000000000004
-17.14 65.175 0 3.0
-17.14 65.175 0 3.1
-17.14 65.175 0 3.2
-17.14 65.175 0 3.3000000000000003
-17.14 65.175 0 3.4000000000000004
-17.14 65.175 0 3.5
-17.14 65.175 0 3.6
-17.14 65.175 0 3.7
-17.14 65.175 0 3.8000000000000003
-17.14 65.175 0 3.9000000000000004
-17.14 65.175 0 4.0
-17.14 65.175 0 4.1000000000000005
-17.14 65.175 0 4.2
-17.14 65.175 0 4.3
-17.14 65.175 0 4.4
-17.14 65.175 0 4.5
-17.14 65.175 0 4.6000000000000005
-17.14 65.175 0 4.7
-17.14 65.175 0 4.800000000000001
-17.14 65.175 0 4.9
-17.14 65.175 0 5.0
-17.14 65.175 0 5.1000000000000005
-17.14 65.175 0 5.2
-17.14 65.175 0 5.300000000000001
-17.14 65.175 0 5.4
-17.14 65.175 0 5.5
-17.14 65.175 0 5.6000000000000005
-17.14 65.175 0 5.7
-17.14 65.175 0 5.800000000000001
-17.14 65.175 0 5.9
-17.14 65.175 0 6.0
-17.14 65.175 0 6.1000000000000005
-17.14 65.175 0 6.2
-17.14 65.175 0 6.300000000000001
-17.14 65.175 0 6.4
-17.14 65.175 0 6.5
-17.14 65.175 0 6.6000000000000005
-17.14 65.175 0 6.7
-17.14 65.175 0 6.800000000000001
-17.14 65.175 0 6.9
-17.14 65.175 0 7.0
-17.14 65.175 0 7.1000000000000005
-17.14 65.175 0 7.2
-17.14 65.175 0 7.300000000000001
-17.14 65.175 0 7.4
-17.14 65.175 0 7.5
-17.118663491851912 65.17506952065789 1 0.0
-17.118663491851912 65.17506952065789 1 0.1
-17.118663491851912 65.17506952065789 1 0.2
-17.118663491851912 65.17506952065789 1 0.30000000000000004
-17.118663491851912 65.17506952065789 1 0.4
-17.118663491851912 65.17506952065789 1 0.5
-17.118663491851912 65.17506952065789 1 0.6000000000000001
-17.118663491851912 65.17506952065789 1 0.7000000000000001
-17.118663491851912 65.17506952065789 1 0.8
-17.118663491851912 65.17506952065789 1 0.9
-17.118663491851912 65.17506952065789 1 1.0
-17.118663491851912 65.17506952065789 1 1.1
-17.118663491851912 65.17506952065789 1 1.2000000000000002
-17.118663491851912 65.17506952065789 1 1.3
-17.118663491851912 65.17506952065789 1 1.4000000000000001
-17.118663491851912 65.17506952065789 1 1.5
-17.118663491851912 65.17506952065789 1 1.6
-17.118663491851912 65.17506952065789 1 1.7000000000000002
-17.118663491851912 65.17506952065789 1 1.8
-17.118663491851912 65.17506952065789 1 1.9000000000000001
-17.118663491851912 65.17506952065789 1 2.0
-17.118663491851912 65.17506952065789 1 2.1
-17.118663491851912 65.17506952065789 1 2.2
-17.118663491851912 65.17506952065789 1 2.3000000000000003
-17.118663491851912 65.17506952065789 1 2.4000000000000004
-17.118663491851912 65.17506952065789 1 2.5
-17.118663491851912 65.17506952065789 1 2.6
-17.118663491851912 65.17506952065789 1 2.7
-17.118663491851912 65.17506952065789 1 2.8000000000000003
-17.118663491851912 65.17506952065789 1 2.9000000000000004
-17.118663491851912 65.17506952065789 1 3.0
-17.118663491851912 65.17506952065789 1 3.1
-17.118663491851912 65.17506952065789 1 3.2
-17.118663491851912 65.17506952065789 1 3.3000000000000003
-17.118663491851912 65.17506952065789 1 3.4000000000000004
-17.118663491851912 65.17506952065789 1 3.5
-17.118663491851912 65.17506952065789 1 3.6
-17.118663491851912 65.17506952065789 1 3.7
-17.118663491851912 65.17506952065789 1 3.8000000000000003
-17.118663491851912 65.17506952065789 1 3.9000000000000004
-17.118663491851912 65.17506952065789 1 4.0
-17.118663491851912 65.17506952065789 1 4.1000000000000005
-17.118663491851912 65.17506952065789 1 4.2
-17.118663491851912 65.17506952065789 1 4.3
-17.118663491851912 65.17506952065789 1 4.4
-17.118663491851912 65.17506952065789 1 4.5
-17.118663491851912 65.17506952065789 1 4.6000000000000005
-17.118663491851912 65.17506952065789 1 4.7
-17.118663491851912 65.17506952065789 1 4.800000000000001
-17.118663491851912 65.17506952065789 1 4.9
-17.118663491851912 65.17506952065789 1 5.0
-17.118663491851912 65.17506952065789 1 5.1000000000000005
-17.118663491851912 65.17506952065789 1 5.2
-17.118663491851912 65.17506952065789 1 5.300000000000001
-17.118663491851912 65.17506952065789 1 5.4
-17.118663491851912 65.17506952065789 1 5.5
-17.118663491851912 65.17506952065789 1 5.6000000000000005
-17.118663491851912 65.17506952065789 1 5.7
-17.118663491851912 65.17506952065789 1 5.800000000000001
-17.118663491851912 65.17506952065789 1 5.9
-17.118663491851912 65.17506952065789 1 6.0
-17.118663491851912 65.17506952065789 1 6.1000000000000005
-17.118663491851912 65.17506952065789 1 6.2
-17.118663491851912 65.17506952065789 1 6.300000000000001
-17.118663491851912 65.17506952065789 1 6.4
-17.118663491851912 65.17506952065789 1 6.5
-17.09732687434392 65.1751360100421 2 0.0
-17.09732687434392 65.1751360100421 2 0.1
-17.09732687434392 65.1751360100421 2 0.2
-17.09732687434392 65.1751360100421 2 0.30000000000000004
-17.09732687434392 65.1751360100421 2 0.4
-17.09732687434392 65.1751360100421 2 0.5
-17.09732687434392 65.1751360100421 2 0.6000000000000001
-17.09732687434392 65.1751360100421 2 0.7000000000000001
-17.09732687434392 65.1751360100421 2 0.8
-17.09732687434392 65.1751360100421 2 0.9
-17.09732687434392 65.1751360100421 2 1.0
-17.09732687434392 65.1751360100421 2 1.1
-17.09732687434392 65.1751360100421 2 1.2000000000000002
-17.09732687434392 65.1751360100421 2 1.3
-17.09732687434392 65.1751360100421 2 1.4000000000000001
-17.09732687434392 65.1751360100421 2 1.5
-17.09732687434392 65.1751360100421 2 1.6
-17.09732687434392 65.1751360100421 2 1.7000000000000002
-17.09732687434392 65.1751360100421 2 1.8
-17.09732687434392 65.1751360100421 2 1.9000000000000001
-17.09732687434392 65.1751360100421 2 2.0
-17.09732687434392 65.1751360100421 2 2.1
-17.09732687434392 65.1751360100421 2 2.2
-17.09732687434392 65.1751360100421 2 2.3000000000000003
-17.09732687434392 65.1751360100421 2 2.4000000000000004
-17.09732687434392 65.1751360100421 2 2.5
-17.09732687434392 65.1751360100421 2 2.6
-17.09732687434392 65.1751360100421 2 2.7
-17.09732687434392 65.1751360100421 2 2.8000000000000003
-17.09732687434392 65.1751360100421 2 2.9000000000000004
-17.09732687434392 65.1751360100421 2 3.0
-17.09732687434392 65.1751360100421 2 3.1
-17.09732687434392 65.1751360100421 2 3.2
-17.09732687434392 65.1751360100421 2 3.3000000000000003
-17.09732687434392 65.1751360100421 2 3.4000000000000004
-17.09732687434392 65.1751360100421 2 3.5
-17.09732687434392 65.1751360100421 2 3.6
-17.09732687434392 65.1751360100421 2 3.7
-17.09732687434392 65.1751360100421 2 3.8000000000000003
-17.09732687434392 65.1751360100421 2 3.9000000000000004
-17.09732687434392 65.1751360100421 2 4.0
-17.09732687434392 65.1751360100421 2 4.1000000000000005
-17.09732687434392 65.1751360100421 2 4.2
-17.09732687434392 65.1751360100421 2 4.3
-17.09732687434392 65.1751360100421 2 4.4
-17.09732687434392 65.1751360100421 2 4.5
-17.09732687434392 65.1751360100421 2 4.6000000000000005
-17.09732687434392 65.1751360100421 2 4.7
-17.09732687434392 65.1751360100421 2 4.800000000000001
-17.09732687434392 65.1751360100421 2 4.9
-17.09732687434392 65.1751360100421 2 5.0
-17.09732687434392 65.1751360100421 2 5.1000000000000005
-17.09732687434392 65.1751360100421 2 5.2
-17.09732687434392 65.1751360100421 2 5.300000000000001
-17.09732687434392 65.1751360100421 2 5.4
-17.09732687434392 65.1751360100421 2 5.5
-17.07599015234984 65.1751994681283 3 0.0
-17.07599015234984 65.1751994681283 3 0.1
-17.07599015234984 65.1751994681283 3 0.2
-17.07599015234984 65.1751994681283 3 0.30000000000000004
-17.07599015234984 65.1751994681283 3 0.4
-17.07599015234984 65.1751994681283 3 0.5
-17.07599015234984 65.1751994681283 3 0.6000000000000001
-17.07599015234984 65.1751994681283 3 0.7000000000000001
-17.07599015234984 65.1751994681283 3 0.8
-17.07599015234984 65.1751994681283 3 0.9
-17.07599015234984 65.1751994681283 3 1.0
-17.07599015234984 65.1751994681283 3 1.1
-17.07599015234984 65.1751994681283 3 1.2000000000000002
-17.07599015234984 65.1751994681283 3 1.3
-17.07599015234984 65.1751994681283 3 1.4000000000000001
-17.07599015234984 65.1751994681283 3 1.5
-17.07599015234984 65.1751994681283 3 1.6
-17.07599015234984 65.1751994681283 3 1.7000000000000002
-17.07599015234984 65.1751994681283 3 1.8
-17.07599015234984 65.1751994681283 3 1.9000000000000001
-17.07599015234984 65.1751994681283 3 2.0
-17.07599015234984 65.1751994681283 3 2.1
-17.07599015234984 65.1751994681283 3 2.2
-17.07599015234984 65.1751994681283 3 2.3000000000000003
-17.07599015234984 65.1751994681283 3 2.4000000000000004
-17.07599015234984 65.1751994681283 3 2.5
-17.07599015234984 65.1751994681283 3 2.6
-17.07599015234984 65.1751994681283 3 2.7
-17.07599015234984 65.1751994681283 3 2.8000000000000003
-17.07599015234984 65.1751994681283 3 2.9000000000000004
-17.07599015234984 65.1751994681283 3 3.0
-17.07599015234984 65.1751994681283 3 3.1
-17.07599015234984 65.1751994681283 3 3.2
-17.07599015234984 65.1751994681283 3 3.3000000000000003
-17.07599015234984 65.1751994681283 3 3.4000000000000004
-17.07599015234984 65.1751994681283 3 3.5
-17.07599015234984 65.1751994681283 3 3.6
-17.07599015234984 65.1751994681283 3 3.7
-17.07599015234984 65.1751994681283 3 3.8000000000000003
-17.07599015234984 65.1751994681283 3 3.9000000000000004
-17.07599015234984 65.1751994681283 3 4.0
-17.07599015234984 65.1751994681283 3 4.1000000000000005
-17.07599015234984 65.1751994681283 3 4.2
-17.07599015234984 65.1751994681283 3 4.3
-17.07599015234984 65.1751994681283 3 4.4
-17.07599015234984 65.1751994681283 3 4.5
-17.07599015234984 65.1751994681283 3 4.6000000000000005
-17.05465333074364 65.17525989489326 4 0.0
-17.05465333074364 65.17525989489326 4 0.1
-17.05465333074364 65.17525989489326 4 0.2
-17.05465333074364 65.17525989489326 4 0.30000000000000004
-17.05465333074364 65.17525989489326 4 0.4
-17.05465333074364 65.17525989489326 4 0.5
-17.05465333074364 65.17525989489326 4 0.6000000000000001
-17.05465333074364 65.17525989489326 4 0.7000000000000001
-17.05465333074364 65.17525989489326 4 0.8
-17.05465333074364 65.17525989489326 4 0.9
-17.05465333074364 65.17525989489326 4 1.0
-17.05465333074364 65.17525989489326 4 1.1
-17.05465333074364 65.17525989489326 4 1.2000000000000002
-17.05465333074364 65.17525989489326 4 1.3
-17.05465333074364 65.17525989489326 4 1.4000000000000001
-17.05465333074364 65.17525989489326 4 1.5
-17.05465333074364 65.17525989489326 4 1.6
-17.05465333074364 65.17525989489326 4 1.7000000000000002
-17.05465333074364 65.17525989489326 4 1.8
-17.05465333074364 65.17525989489326 4 1.9000000000000001
-17.05465333074364 65.17525989489326 4 2.0
-17.05465333074364 65.17525989489326 4 2.1
-17.05465333074364 65.17525989489326 4 2.2
-17.05465333074364 65.17525989489326 4 2.3000000000000003
-17.05465333074364 65.17525989489326 4 2.4000000000000004
-17.05465333074364 65.17525989489326 4 2.5
-17.05465333074364 65.17525989489326 4 2.6
-17.05465333074364 65.17525989489326 4 2.7
-17.05465333074364 65.17525989489326 4 2.8000000000000003
-17.05465333074364 65.17525989489326 4 2.9000000000000004
-17.05465333074364 65.17525989489326 4 3.0
-17.05465333074364 65.17525989489326 4 3.1
-17.05465333074364 65.17525989489326 4 3.2
-17.05465333074364 65.17525989489326 4 3.3000000000000003
-17.05465333074364 65.17525989489326 4 3.4000000000000004
-17.05465333074364 65.17525989489326 4 3.5
-17.05465333074364 65.17525989489326 4 3.6
-17.05465333074364 65.17525989489326 4 3.7
-17.033316414399433 65.17531729031487 5 0.0
-17.033316414399433 65.17531729031487 5 0.1
-17.033316414399433 65.17531729031487 5 0.2
-17.033316414399433 65.17531729031487 5 0.30000000000000004
-17.033316414399433 65.17531729031487 5 0.4
-17.033316414399433 65.17531729031487 5 0.5
-17.033316414399433 65.17531729031487 5 0.6000000000000001
-17.033316414399433 65.17531729031487 5 0.7000000000000001
-17.033316414399433 65.17531729031487 5 0.8
-17.033316414399433 65.17531729031487 5 0.9
-17.033316414399433 65.17531729031487 5 1.0
-17.033316414399433 65.17531729031487 5 1.1
-17.033316414399433 65.17531729031487 5 1.2000000000000002
-17.033316414399433 65.17531729031487 5 1.3
-17.033316414399433 65.17531729031487 5 1.4000000000000001
-17.033316414399433 65.17531729031487 5 1.5
-17.033316414399433 65.17531729031487 5 1.6
-17.033316414399433 65.17531729031487 5 1.7000000000000002
-17.033316414399433 65.17531729031487 5 1.8
-17.033316414399433 65.17531729031487 5 1.9000000000000001
-17.033316414399433 65.17531729031487 5 2.0
-17.033316414399433 65.17531729031487 5 2.1
-17.033316414399433 65.17531729031487 5 2.2
-17.033316414399433 65.17531729031487 5 2.3000000000000003
-17.033316414399433 65.17531729031487 5 2.4000000000000004
-17.033316414399433 65.17531729031487 5 2.5
-17.033316414399433 65.17531729031487 5 2.6
-17.033316414399433 65.17531729031487 5 2.7
-17.033316414399433 65.17531729031487 5 2.8000000000000003
-17.033316414399433 65.17531729031487 5 2.9000000000000004
-17.011979408191475 65.17537165437213 6 0.0
-17.011979408191475 65.17537165437213 6 0.1
-17.011979408191475 65.17537165437213 6 0.2
-17.011979408191475 65.17537165437213 6 0.30000000000000004
-17.011979408191475 65.17537165437213 6 0.4
-17.011979408191475 65.17537165437213 6 0.5
-17.011979408191475 65.17537165437213 6 0.6000000000000001
-17.011979408191475 65.17537165437213 6 0.7000000000000001
-17.011979408191475 65.17537165437213 6 0.8
-17.011979408191475 65.17537165437213 6 0.9
-17.011979408191475 65.17537165437213 6 1.0
-17.011979408191475 65.17537165437213 6 1.1
-17.011979408191475 65.17537165437213 6 1.2000000000000002
-17.011979408191475 65.17537165437213 6 1.3
-17.011979408191475 65.17537165437213 6 1.4000000000000001
-17.011979408191475 65.17537165437213 6 1.5
-17.011979408191475 65.17537165437213 6 1.6
-17.011979408191475 65.17537165437213 6 1.7000000000000002
-17.011979408191475 65.17537165437213 6 1.8
-17.011979408191475 65.17537165437213 6 1.9000000000000001
-17.011979408191475 65.17537165437213 6 2.0
-17.011979408191475 65.17537165437213 6 2.1
-17.011979408191475 65.17537165437213 6 2.2
-16.990642316994148 65.17542298704514 7 0.0
-16.990642316994148 65.17542298704514 7 0.1
-16.990642316994148 65.17542298704514 7 0.2
-16.990642316994148 65.17542298704514 7 0.30000000000000004
-16.990642316994148 65.17542298704514 7 0.4
-16.990642316994148 65.17542298704514 7 0.5
-16.990642316994148 65.17542298704514 7 0.6000000000000001
-16.990642316994148 65.17542298704514 7 0.7000000000000001
-16.990642316994148 65.17542298704514 7 0.8
-16.990642316994148 65.17542298704514 7 0.9
-16.990642316994148 65.17542298704514 7 1.0
-16.990642316994148 65.17542298704514 7 1.1
-16.990642316994148 65.17542298704514 7 1.2000000000000002
-16.990642316994148 65.17542298704514 7 1.3
-16.990642316994148 65.17542298704514 7 1.4000000000000001
-16.990642316994148 65.17542298704514 7 1.5
-16.96930514568196 65.17547128831511 8 0.0
-16.96930514568196 65.17547128831511 8 0.1
-16.96930514568196 65.17547128831511 8 0.2
-16.96930514568196 65.17547128831511 8 0.30000000000000004
-16.96930514568196 65.17547128831511 8 0.4
-16.96930514568196 65.17547128831511 8 0.5
-16.96930514568196 65.17547128831511 8 0.6000000000000001
-16.96930514568196 65.17547128831511 8 0.7000000000000001
-16.96930514568196 65.17547128831511 8 0.8
-16.96930514568196 65.17547128831511 8 0.9
-16.96930514568196 65.17547128831511 8 1.0
-16.947967899129544 65.17551655816438 9 0.0
-16.947967899129544 65.17551655816438 9 0.1
-16.947967899129544 65.17551655816438 9 0.2
-16.947967899129544 65.17551655816438 9 0.30000000000000004
-16.947967899129544 65.17551655816438 9 0.4
-16.947967899129544 65.17551655816438 9 0.5
-16.947967899129544 65.17551655816438 9 0.6000000000000001
-16.926630582211633 65.17555879657635 10 0.0
-16.926630582211633 65.17555879657635 10 0.1
-16.926630582211633 65.17555879657635 10 0.2
-16.926630582211633 65.17555879657635 10 0.30000000000000004
-16.926630582211633 65.17555879657635 10 0.4
-16.905293199803072 65.17559800353558 11 0.0
-16.905293199803072 65.17559800353558 11 0.1
-16.905293199803072 65.17559800353558 11 0.2
-16.905293199803072 65.17559800353558 11 0.30000000000000004
-16.905293199803072 65.17559800353558 11 0.4
-16.58522791992158 65.17582232647874 26 0.0
-16.58522791992158 65.17582232647874 26 0.1
-16.58522791992158 65.17582232647874 26 0.2
-16.28650253595033 65.17541629382295 40 0.0
-16.28650253595033 65.17541629382295 40 0.1
-16.28650253595033 65.17541629382295 40 0.2
-16.28650253595033 65.17541629382295 40 0.30000000000000004
-16.28650253595033 65.17541629382295 40 0.4
-16.28650253595033 65.17541629382295 40 0.5
-16.28650253595033 65.17541629382295 40 0.6000000000000001
-16.28650253595033 65.17541629382295 40 0.7000000000000001
-16.265165455843064 65.17536455551483 41 0.0
-16.265165455843064 65.17536455551483 41 0.1
-16.265165455843064 65.17536455551483 41 0.2
-16.265165455843064 65.17536455551483 41 0.30000000000000004
-16.265165455843064 65.17536455551483 41 0.4
-16.265165455843064 65.17536455551483 41 0.5
-16.265165455843064 65.17536455551483 41 0.6000000000000001
-16.265165455843064 65.17536455551483 41 0.7000000000000001
-16.265165455843064 65.17536455551483 41 0.8
-16.265165455843064 65.17536455551483 41 0.9
-16.265165455843064 65.17536455551483 41 1.0
-16.265165455843064 65.17536455551483 41 1.1
-16.265165455843064 65.17536455551483 41 1.2000000000000002
-16.265165455843064 65.17536455551483 41 1.3
-16.265165455843064 65.17536455551483 41 1.4000000000000001
-16.265165455843064 65.17536455551483 41 1.5
-16.265165455843064 65.17536455551483 41 1.6
-16.265165455843064 65.17536455551483 41 1.7000000000000002
-16.265165455843064 65.17536455551483 41 1.8
-16.265165455843064 65.17536455551483 41 1.9000000000000001
-16.265165455843064 65.17536455551483 41 2.0
-16.265165455843064 65.17536455551483 41 2.1
-16.265165455843064 65.17536455551483 41 2.2
-16.265165455843064 65.17536455551483 41 2.3000000000000003
-16.265165455843064 65.17536455551483 41 2.4000000000000004
-16.243828461377422 65.17530978582506 42 0.0
-16.243828461377422 65.17530978582506 42 0.1
-16.243828461377422 65.17530978582506 42 0.2
-16.243828461377422 65.17530978582506 42 0.30000000000000004
-16.243828461377422 65.17530978582506 42 0.4
-16.243828461377422 65.17530978582506 42 0.5
-16.243828461377422 65.17530978582506 42 0.6000000000000001
-16.243828461377422 65.17530978582506 42 0.7000000000000001
-16.243828461377422 65.17530978582506 42 0.8
-16.243828461377422 65.17530978582506 42 0.9
-16.243828461377422 65.17530978582506 42 1.0
-16.243828461377422 65.17530978582506 42 1.1
-16.243828461377422 65.17530978582506 42 1.2000000000000002
-16.243828461377422 65.17530978582506 42 1.3
-16.243828461377422 65.17530978582506 42 1.4000000000000001
-16.243828461377422 65.17530978582506 42 1.5
-16.243828461377422 65.17530978582506 42 1.6
-16.243828461377422 65.17530978582506 42 1.7000000000000002
-16.243828461377422 65.17530978582506 42 1.8
-16.243828461377422 65.17530978582506 42 1.9000000000000001
-16.243828461377422 65.17530978582506 42 2.0
-16.243828461377422 65.17530978582506 42 2.1
-16.243828461377422 65.17530978582506 42 2.2
-16.243828461377422 65.17530978582506 42 2.3000000000000003
-16.243828461377422 65.17530978582506 42 2.4000000000000004
-16.243828461377422 65.17530978582506 42 2.5
-16.243828461377422 65.17530978582506 42 2.6
-16.243828461377422 65.17530978582506 42 2.7
-16.243828461377422 65.17530978582506 42 2.8000000000000003
-16.243828461377422 65.17530978582506 42 2.9000000000000004
-16.243828461377422 65.17530978582506 42 3.0
-16.243828461377422 65.17530978582506 42 3.1
-16.243828461377422 65.17530978582506 42 3.2
-16.243828461377422 65.17530978582506 42 3.3000000000000003
-16.243828461377422 65.17530978582506 42 3.4000000000000004
-16.243828461377422 65.17530978582506 42 3.5
-16.243828461377422 65.17530978582506 42 3.6
-16.243828461377422 65.17530978582506 42 3.7
-16.243828461377422 65.17530978582506 42 3.8000000000000003
-16.243828461377422 65.17530978582506 42 3.9000000000000004
-16.243828461377422 65.17530978582506 42 4.0
-16.243828461377422 65.17530978582506 42 4.1000000000000005
-16.243828461377422 65.17530978582506 42 4.2
-16.243828461377422 65.17530978582506 42 4.3
-16.243828461377422 65.17530978582506 42 4.4
-16.243828461377422 65.17530978582506 42 4.5
-16.243828461377422 65.17530978582506 42 4.6000000000000005
-16.243828461377422 65.17530978582506 42 4.7
-16.243828461377422 65.17530978582506 42 4.800000000000001
-16.243828461377422 65.17530978582506 42 4.9
-16.243828461377422 65.17530978582506 42 5.0
-16.243828461377422 65.17530978582506 42 5.1000000000000005
-16.222491557427777 65.17525198477368 43 0.0
-16.222491557427777 65.17525198477368 43 0.1
-16.222491557427777 65.17525198477368 43 0.2
-16.222491557427777 65.17525198477368 43 0.30000000000000004
-16.222491557427777 65.17525198477368 43 0.4
-16.222491557427777 65.17525198477368 43 0.5
-16.222491557427777 65.17525198477368 43 0.6000000000000001
-16.222491557427777 65.17525198477368 43 0.7000000000000001
-16.222491557427777 65.17525198477368 43 0.8
-16.222491557427777 65.17525198477368 43 0.9
-16.222491557427777 65.17525198477368 43 1.0
-16.222491557427777 65.17525198477368 43 1.1
-16.222491557427777 65.17525198477368 43 1.2000000000000002
-16.222491557427777 65.17525198477368 43 1.3
-16.222491557427777 65.17525198477368 43 1.4000000000000001
-16.222491557427777 65.17525198477368 43 1.5
-16.222491557427777 65.17525198477368 43 1.6
-16.222491557427777 65.17525198477368 43 1.7000000000000002
-16.222491557427777 65.17525198477368 43 1.8
-16.222491557427777 65.17525198477368 43 1.9000000000000001
-16.222491557427777 65.17525198477368 43 2.0
-16.222491557427777 65.17525198477368 43 2.1
-16.222491557427777 65.17525198477368 43 2.2
-16.222491557427777 65.17525198477368 43 2.3000000000000003
-16.222491557427777 65.17525198477368 43 2.4000000000000004
-16.222491557427777 65.17525198477368 43 2.5
-16.222491557427777 65.17525198477368 43 2.6
-16.222491557427777 65.17525198477368 43 2.7
-16.222491557427777 65.17525198477368 43 2.8000000000000003
-16.222491557427777 65.17525198477368 43 2.9000000000000004
-16.222491557427777 65.17525198477368 43 3.0
-16.222491557427777 65.17525198477368 43 3.1
-16.222491557427777 65.17525198477368 43 3.2
-16.222491557427777 65.17525198477368 43 3.3000000000000003
-16.222491557427777 65.17525198477368 43 3.4000000000000004
-16.222491557427777 65.17525198477368 43 3.5
-16.222491557427777 65.17525198477368 43 3.6
-16.222491557427777 65.17525198477368 43 3.7
-16.222491557427777 65.17525198477368 43 3.8000000000000003
-16.222491557427777 65.17525198477368 43 3.9000000000000004
-16.222491557427777 65.17525198477368 43 4.0
-16.222491557427777 65.17525198477368 43 4.1000000000000005
-16.222491557427777 65.17525198477368 43 4.2
-16.222491557427777 65.17525198477368 43 4.3
-16.222491557427777 65.17525198477368 43 4.4
-16.222491557427777 65.17525198477368 43 4.5
-16.201154748868355 65.17519115238186 44 0.0
-16.201154748868355 65.17519115238186 44 0.1
-16.201154748868355 65.17519115238186 44 0.2
-16.201154748868355 65.17519115238186 44 0.30000000000000004
-16.201154748868355 65.17519115238186 44 0.4
-16.201154748868355 65.17519115238186 44 0.5
-16.201154748868355 65.17519115238186 44 0.6000000000000001
-16.201154748868355 65.17519115238186 44 0.7000000000000001
-16.201154748868355 65.17519115238186 44 0.8
-16.201154748868355 65.17519115238186 44 0.9
-16.201154748868355 65.17519115238186 44 1.0
-16.201154748868355 65.17519115238186 44 1.1
-16.201154748868355 65.17519115238186 44 1.2000000000000002
-16.201154748868355 65.17519115238186 44 1.3
-16.201154748868355 65.17519115238186 44 1.4000000000000001
-16.201154748868355 65.17519115238186 44 1.5
-16.201154748868355 65.17519115238186 44 1.6
-16.201154748868355 65.17519115238186 44 1.7000000000000002
-16.201154748868355 65.17519115238186 44 1.8
-16.201154748868355 65.17519115238186 44 1.9000000000000001
-16.201154748868355 65.17519115238186 44 2.0
-16.201154748868355 65.17519115238186 44 2.1
-16.201154748868355 65.17519115238186 44 2.2
-16.201154748868355 65.17519115238186 44 2.3000000000000003
-16.201154748868355 65.17519115238186 44 2.4000000000000004
-16.201154748868355 65.17519115238186 44 2.5
-16.201154748868355 65.17519115238186 44 2.6
-16.201154748868355 65.17519115238186 44 2.7
-16.201154748868355 65.17519115238186 44 2.8000000000000003
-16.201154748868355 65.17519115238186 44 2.9000000000000004
-16.201154748868355 65.17519115238186 44 3.0
-16.201154748868355 65.17519115238186 44 3.1
-16.201154748868355 65.17519115238186 44 3.2
-16.201154748868355 65.17519115238186 44 3.3000000000000003
-16.201154748868355 65.17519115238186 44 3.4000000000000004
-16.201154748868355 65.17519115238186 44 3.5
-16.201154748868355 65.17519115238186 44 3.6
-16.201154748868355 65.17519115238186 44 3.7
-16.201154748868355 65.17519115238186 44 3.8000000000000003
-16.201154748868355 65.17519115238186 44 3.9000000000000004
-16.201154748868355 65.17519115238186 44 4.0
-16.201154748868355 65.17519115238186 44 4.1000000000000005
-16.179818040573256 65.17512728867183 45 0.0
-16.179818040573256 65.17512728867183 45 0.1
-16.179818040573256 65.17512728867183 45 0.2
-16.179818040573256 65.17512728867183 45 0.30000000000000004
-16.179818040573256 65.17512728867183 45 0.4
-16.179818040573256 65.17512728867183 45 0.5
-16.179818040573256 65.17512728867183 45 0.6000000000000001
-16.179818040573256 65.17512728867183 45 0.7000000000000001
-16.179818040573256 65.17512728867183 45 0.8
-16.179818040573256 65.17512728867183 45 0.9
-16.179818040573256 65.17512728867183 45 1.0
-16.179818040573256 65.17512728867183 45 1.1
-16.179818040573256 65.17512728867183 45 1.2000000000000002
-16.179818040573256 65.17512728867183 45 1.3
-16.179818040573256 65.17512728867183 45 1.4000000000000001
-16.179818040573256 65.17512728867183 45 1.5
-16.179818040573256 65.17512728867183 45 1.6
-16.179818040573256 65.17512728867183 45 1.7000000000000002
-16.179818040573256 65.17512728867183 45 1.8
-16.179818040573256 65.17512728867183 45 1.9000000000000001
-16.179818040573256 65.17512728867183 45 2.0
-16.179818040573256 65.17512728867183 45 2.1
-16.179818040573256 65.17512728867183 45 2.2
-16.179818040573256 65.17512728867183 45 2.3000000000000003
-16.179818040573256 65.17512728867183 45 2.4000000000000004
-16.179818040573256 65.17512728867183 45 2.5
-16.179818040573256 65.17512728867183 45 2.6
-16.179818040573256 65.17512728867183 45 2.7
-16.179818040573256 65.17512728867183 45 2.8000000000000003
-16.179818040573256 65.17512728867183 45 2.9000000000000004
-16.179818040573256 65.17512728867183 45 3.0
-16.179818040573256 65.17512728867183 45 3.1
-16.179818040573256 65.17512728867183 45 3.2
-16.179818040573256 65.17512728867183 45 3.3000000000000003
-16.179818040573256 65.17512728867183 45 3.4000000000000004
-16.179818040573256 65.17512728867183 45 3.5
-16.179818040573256 65.17512728867183 45 3.6
-16.179818040573256 65.17512728867183 45 3.7
-16.179818040573256 65.17512728867183 45 3.8000000000000003
-16.14 65.175 46 0.0
-16.14 65.175 46 0.1
-16.14 65.175 46 0.2
-16.14 65.175 46 0.30000000000000004
-16.14 65.175 46 0.4
-16.14 65.175 46 0.5
-16.14 65.175 46 0.6000000000000001
-16.14 65.175 46 0.7000000000000001
-16.14 65.175 46 0.8
-16.14 65.175 46 0.9
-16.14 65.175 46 1.0
-16.14 65.175 46 1.1
-16.14 65.175 46 1.2000000000000002
-16.14 65.175 46 1.3
-16.14 65.175 46 1.4000000000000001
-16.14 65.175 46 1.5
-16.14 65.175 46 1.6
-16.14 65.175 46 1.7000000000000002
-16.14 65.175 46 1.8
-16.14 65.175 46 1.9000000000000001
-16.14 65.175 46 2.0
-16.14 65.175 46 2.1
-16.14 65.175 46 2.2
-16.14 65.175 46 2.3000000000000003
-16.14 65.175 46 2.4000000000000004
-16.14 65.175 46 2.5
-16.14 65.175 46 2.6
-16.14 65.175 46 2.7
-16.14 65.175 46 2.8000000000000003
-16.14 65.175 46 2.9000000000000004
-16.14 65.175 46 3.0
-16.14 65.175 46 3.1
-16.14 65.175 46 3.2
-16.14 65.175 46 3.3000000000000003
-16.14 65.175 46 3.4000000000000004
-16.14 65.175 46 3.5
-16.14 65.175 46 3.6
-16.14 65.175 46 3.7
