-16.34 65.2 0 4.2 -0.5721700817559399
-16.34 65.2 0 6.800000000000001 -0.2581492759076617
-16.34 65.1910310317964 1 4.2 -0.5526698612303973
-16.34 65.1910310317964 1 6.9 -0.25301645217070823
-16.34 65.18206205279402 2 4.1000000000000005 -0.6282391719907623
-16.34 65.18206205279402 2 6.9 -0.1929121363079056
-16.34 65.18206205279402 2 9.700000000000001 -0.08508464946789962
-16.34 65.17309306298999 3 4.0 -0.5600875596114347
-16.34 65.17309306298999 3 6.9 -0.08978536550679313
-16.34 65.17309306298999 3 9.600000000000001 -0.09040487742216664
-16.34 65.16412406238142 4 4.1000000000000005 -0.4841518272825695
-16.34 65.16412406238142 4 9.5 -0.10045075230191522
-16.34 65.1551550509654 5 4.2 -0.27159663262127415
-16.34 65.1551550509654 5 9.4 -0.11420238648440177
-16.34 65.14618602873907 6 9.3 -0.12210069564563078
-16.34 65.1372169956995 7 9.200000000000001 -0.1157332126541969
-16.34 65.12824795184385 8 9.200000000000001 -0.10165691799254642
-16.34 65.11927889716921 9 9.1 -0.08736300895596388
-16.34 65.10134075535142 11 8.8 -0.05192502929554438
-16.34 65.04752606994253 17 6.4 -0.10600417355100261
-16.34 65.03855691776731 18 6.5 -0.14730949876335805
-16.34 64.93092624471555 30 7.800000000000001 -0.22013431880860074
-16.34 64.92195695129513 31 7.800000000000001 -0.2532839269866133
-16.34 64.91298764698962 32 7.9 -0.1794495795241036
-16.34 64.88607966873406 35 7.7 -0.3120909784626185
-16.34 64.87711032085966 36 7.5 -0.37607420431259125
