-16.54 65.2 0 8.0 -0.10201689828053405
-16.54 65.1910310317964 1 7.800000000000001 -0.11707563107980633
-16.54 65.18206205279402 2 7.9 -0.10702716559829113
-16.54 65.17309306298999 3 7.9 -0.09797746422995801
-16.54 65.16412406238142 4 7.7 -0.08713271452776318
-16.54 65.1551550509654 5 7.6000000000000005 -0.07834810251507453
-16.54 65.1551550509654 5 17.400000000000002 -0.04085491691626823
-16.54 65.14618602873907 6 7.4 -0.07237474880350787
-16.54 65.1372169956995 7 7.2 -0.07347915755799518
-16.54 65.12824795184385 8 7.2 -0.08190364306978706
-16.54 65.11927889716921 9 6.800000000000001 -0.0808214281884938
-16.54 65.0206185808706 20 17.1 -0.04346449464869115
-16.54 65.01164939614338 21 17.6 -0.06330987408867755
-16.54 65.00268020055975 22 17.7 -0.06080429055295199
-16.54 64.99371099411684 23 17.8 -0.060832526874582606
-16.54 64.98474177681177 24 17.900000000000002 -0.06594519224342164
-16.54 64.97577254864169 25 17.8 -0.06769632021850278
-16.54 64.9668033096037 26 17.6 -0.05868858324976471
-16.54 64.95783405969496 27 17.7 -0.06278851317958214
-16.54 64.94886479891261 28 17.6 -0.06236353938946192
-16.54 64.93989552725375 29 8.9 -0.0898967714968336
-16.54 64.93989552725375 29 17.6 -0.06916326331070974
-16.54 64.93092624471555 30 7.5 -0.09955300167706738
-16.54 64.93092624471555 30 8.1 -0.10563470224295357
-16.54 64.92195695129513 31 8.0 -0.09932495612518995
-16.54 64.91298764698962 32 7.9 -0.10015595956584529
-16.54 64.91298764698962 32 16.8 -0.0909879641026786
-16.54 64.90401833179618 33 8.0 -0.11217963902552532
-16.54 64.90401833179618 33 16.7 -0.09588586856828901
-16.54 64.89504900571195 34 8.0 -0.11494792985219232
-16.54 64.89504900571195 34 16.8 -0.10361688586663559
-16.54 64.88607966873406 35 8.200000000000001 -0.11075151139117291
-16.54 64.88607966873406 35 16.7 -0.10310724479189164
-16.54 64.87711032085966 36 8.5 -0.1306845259713271
-16.54 64.87711032085966 36 16.6 -0.09307340163324462
-16.54 64.86814096208587 37 8.3 -0.1022829387569948
-16.54 64.86814096208587 37 16.6 -0.08528878774865795
-16.54 64.85917159240987 38 8.1 -0.07537558189187593
-16.54 64.85917159240987 38 16.6 -0.08056180166135687
-16.54 64.85020221182876 39 16.5 -0.08708119592194535
-16.54 64.84123282033974 40 16.7 -0.11266558378441308
-16.54 64.83226341793991 41 16.8 -0.12341731556569076
-16.54 64.82329400462646 42 16.7 -0.131511507065248
-16.54 64.81432458039652 43 16.7 -0.13660581225231946
-16.54 64.8 44 17.0 -0.12454057824649706
-16.54 64.8 44 36.1 -0.35875482225186883
