-16.74 65.18206205279402 2 9.4 -0.1672803604077721
-16.74 65.17309306298999 3 4.800000000000001 -0.1544018156590382
-16.74 65.17309306298999 3 9.200000000000001 -0.1284036813947635
-16.74 65.16412406238142 4 4.800000000000001 -0.1540515394203642
-16.74 65.1551550509654 5 4.800000000000001 -0.14995226363362218
-16.74 65.1372169956995 7 11.100000000000001 -0.05181108089291511
-16.74 65.01164939614338 21 5.2 -0.13049651876011717
-16.74 64.99371099411684 23 5.1000000000000005 -0.1791107178104499
-16.74 64.98474177681177 24 5.2 -0.0900248090460321
-16.74 64.94886479891261 28 4.800000000000001 -0.1073187882145192
-16.74 64.93989552725375 29 11.200000000000001 -0.1716741486071353
-16.74 64.91298764698962 32 4.4 -0.1989645767267112
-16.74 64.91298764698962 32 10.4 -0.11272803759714202
-16.74 64.90401833179618 33 4.3 -0.24264776974990865
-16.74 64.88607966873406 35 4.4 -0.29712961496970747
-16.74 64.87711032085966 36 4.5 -0.3298551558735401
-16.74 64.87711032085966 36 4.7 -0.23921513363220498
-16.74 64.86814096208587 37 5.300000000000001 -0.2700586549144087
